0.000000   0.0157516   0.122862
0.010173   0.0159681   0.123925
0.020345   0.0161919   0.125001
0.030518   0.0164231   0.126089
0.040690   0.0166614   0.127188
0.050863   0.0169068   0.128299
0.061035   0.0171588   0.129421
0.071208   0.0174172   0.130554
0.081380   0.0176817   0.131698
0.091553   0.0179518   0.132854
0.101725   0.0182272   0.134021
0.111898   0.0185075   0.135199
0.122070   0.0187922   0.136389
0.132243   0.0190809   0.137591
0.142415   0.0193732   0.138806
0.152588   0.0196688   0.140034
0.162760   0.0199672   0.141275
0.172933   0.0202682   0.142531
0.183105   0.0205714   0.143801
0.193278   0.0208767   0.145087
0.203451   0.0211839   0.14639
0.213623   0.0214929   0.14771
0.223796   0.0218037   0.149048
0.233968   0.0221163   0.150405
0.244141   0.0224308   0.151782
0.254313   0.0227475   0.15318
0.264486   0.0230666   0.1546
0.274658   0.0233885   0.156042
0.284831   0.0237135   0.157509
0.295003   0.0240423   0.159
0.305176   0.0243753   0.160516
0.315348   0.0247131   0.162059
0.325521   0.0250565   0.163629
0.335693   0.0254061   0.165227
0.345866   0.0257628   0.166853
0.356038   0.0261273   0.168509
0.366211   0.0265003   0.170194
0.376383   0.0268828   0.171909
0.386556   0.0272755   0.173654
0.396729   0.0276793   0.175431
0.406901   0.0280948   0.177239
0.417074   0.028523   0.179078
0.427246   0.0289645   0.180949
0.437419   0.02942   0.182852
0.447591   0.0298902   0.184787
0.457764   0.0303756   0.186755
0.467936   0.0308767   0.188754
0.478109   0.0313941   0.190786
0.488281   0.0319281   0.19285
0.498454   0.0324791   0.194947
0.508626   0.0330472   0.197076
0.518799   0.0336328   0.199239
0.528971   0.034236   0.201434
0.539144   0.0348568   0.203663
0.549316   0.0354953   0.205925
0.559489   0.0361514   0.208222
0.569661   0.0368253   0.210554
0.579834   0.0375166   0.21292
0.590007   0.0382255   0.215323
0.600179   0.0389518   0.217763
0.610352   0.0396954   0.22024
0.620524   0.0404562   0.222757
0.630697   0.0412343   0.225313
0.640869   0.0420296   0.227911
0.651042   0.0428422   0.230551
0.661214   0.0436722   0.233235
0.671387   0.0445199   0.235966
0.681559   0.0453854   0.238743
0.691732   0.0462693   0.24157
0.701904   0.0471721   0.244449
0.712077   0.0480942   0.24738
0.722249   0.0490365   0.250366
0.732422   0.0499999   0.25341
0.742594   0.0509852   0.256513
0.752767   0.0519937   0.259678
0.762939   0.0530266   0.262907
0.773112   0.0540853   0.266201
0.783285   0.0551714   0.269564
0.793457   0.0562864   0.272998
0.803630   0.0574322   0.276505
0.813802   0.0586107   0.280086
0.823975   0.059824   0.283745
0.834147   0.0610742   0.287484
0.844320   0.0623635   0.291304
0.854492   0.0636944   0.295208
0.864665   0.0650692   0.299199
0.874837   0.0664906   0.303277
0.885010   0.067961   0.307446
0.895182   0.0694834   0.311707
0.905355   0.0710603   0.316063
0.915527   0.0726946   0.320515
0.925700   0.0743893   0.325065
0.935872   0.0761473   0.329717
0.946045   0.0779716   0.334471
0.956217   0.0798654   0.33933
0.966390   0.0818317   0.344296
0.976562   0.0838739   0.349372
0.986735   0.0859952   0.354559
0.996908   0.0881991   0.35986
1.007080   0.090489   0.365279
1.017253   0.0928687   0.370816
1.027425   0.095342   0.376476
1.037598   0.0979127   0.38226
1.047770   0.100585   0.388173
1.057943   0.103363   0.394217
1.068115   0.106252   0.400395
1.078288   0.109257   0.406712
1.088460   0.112381   0.41317
1.098633   0.115632   0.419774
1.108805   0.119015   0.426527
1.118978   0.122536   0.433434
1.129150   0.126201   0.440498
1.139323   0.130019   0.447725
1.149495   0.133995   0.455118
1.159668   0.138139   0.462682
1.169840   0.14246   0.470421
1.180013   0.146966   0.478341
1.190186   0.151667   0.486445
1.200358   0.156575   0.494738
1.210531   0.1617   0.503225
1.220703   0.167054   0.511909
1.230876   0.172651   0.520795
1.241048   0.178503   0.529887
1.251221   0.184625   0.539188
1.261393   0.191033   0.548701
1.271566   0.197742   0.55843
1.281738   0.20477   0.568376
1.291911   0.212133   0.578542
1.302083   0.219851   0.58893
1.312256   0.227944   0.599539
1.322428   0.236431   0.610369
1.332601   0.245335   0.621421
1.342773   0.254677   0.632692
1.352946   0.264481   0.644179
1.363118   0.27477   0.65588
1.373291   0.285569   0.667788
1.383464   0.296905   0.6799
1.393636   0.308804   0.692207
1.403809   0.321293   0.704701
1.413981   0.334401   0.717371
1.424154   0.348156   0.730208
1.434326   0.362587   0.743197
1.444499   0.377726   0.756323
1.454671   0.393602   0.769571
1.464844   0.410248   0.782921
1.475016   0.427695   0.796354
1.485189   0.445974   0.809846
1.495361   0.46512   0.823372
1.505534   0.485164   0.836906
1.515706   0.506138   0.850418
1.525879   0.528077   0.863876
1.536051   0.551012   0.877245
1.546224   0.574975   0.890488
1.556396   0.599999   0.903564
1.566569   0.626116   0.916431
1.576742   0.653355   0.929041
1.586914   0.681746   0.941347
1.597087   0.711319   0.953296
1.607259   0.7421   0.964831
1.617432   0.774114   0.975895
1.627604   0.807387   0.986424
1.637777   0.84194   0.996355
1.647949   0.877792   1.00562
1.658122   0.914961   1.01414
1.668294   0.95346   1.02184
1.678467   0.993301   1.02865
1.688639   1.03449   1.03448
1.698812   1.07704   1.03925
1.708984   1.12093   1.04287
1.719157   1.16618   1.04525
1.729329   1.21276   1.04628
1.739502   1.26067   1.04589
1.749674   1.30988   1.04396
1.759847   1.36038   1.04039
1.770020   1.41212   1.03509
1.780192   1.46506   1.02794
1.790365   1.51917   1.01883
1.800537   1.5744   1.00768
1.810710   1.63067   0.994351
1.820882   1.68793   0.978752
1.831055   1.7461   0.960772
1.841227   1.8051   0.940303
1.851400   1.86484   0.917241
1.861572   1.92521   0.891483
1.871745   1.98612   0.862927
1.881917   2.04743   0.831478
1.892090   2.10904   0.797041
1.902262   2.1708   0.759528
1.912435   2.23257   0.718854
1.922607   2.29421   0.674943
1.932780   2.35555   0.627723
1.942952   2.41643   0.577131
1.953125   2.47667   0.523111
1.963298   2.53609   0.465615
1.973470   2.59451   0.404606
1.983643   2.65172   0.340058
1.993815   2.70754   0.271953
2.003988   2.76174   0.200286
2.014160   2.81412   0.125063
2.024333   2.86446   0.0463055
2.034505   2.91255   -0.0359555
2.044678   2.95816   -0.121673
2.054850   3.00108   -0.210788
2.065023   3.04108   -0.303225
2.075195   3.07793   -0.398894
2.085368   3.11142   -0.497691
2.095540   3.14132   -0.599498
2.105713   3.16743   -0.704178
2.115885   3.18952   -0.811583
2.126058   3.2074   -0.921546
2.136230   3.22086   -1.03389
2.146403   3.22972   -1.14841
2.156576   3.23379   -1.26491
2.166748   3.2329   -1.38316
2.176921   3.2269   -1.50292
2.187093   3.21563   -1.62395
2.197266   3.19895   -1.74597
2.207438   3.17676   -1.86872
2.217611   3.14894   -1.99191
2.227783   3.11541   -2.11525
2.237956   3.0761   -2.23843
2.248128   3.03094   -2.36115
2.258301   2.97992   -2.48308
2.268473   2.923   -2.6039
2.278646   2.86021   -2.72329
2.288818   2.79155   -2.84092
2.298991   2.71708   -2.95645
2.309163   2.63687   -3.06956
2.319336   2.55099   -3.17992
2.329508   2.45956   -3.28721
2.339681   2.36271   -3.39109
2.349854   2.26059   -3.49126
2.360026   2.15336   -3.58742
2.370199   2.04122   -3.67925
2.380371   1.92438   -3.76648
2.390544   1.80306   -3.84882
2.400716   1.67752   -3.92602
2.410889   1.54801   -3.99782
2.421061   1.41481   -4.06399
2.431234   1.27823   -4.12432
2.441406   1.13857   -4.17861
2.451579   0.996152   -4.22667
2.461751   0.851312   -4.26835
2.471924   0.704393   -4.30351
2.482096   0.55575   -4.33203
2.492269   0.405742   -4.35382
2.502441   0.254736   -4.3688
2.512614   0.103102   -4.37692
2.522786   -0.0487857   -4.37815
2.532959   -0.200553   -4.37249
2.543132   -0.351827   -4.35996
2.553304   -0.502234   -4.3406
2.563477   -0.651407   -4.31448
2.573649   -0.798984   -4.28168
2.583822   -0.944608   -4.24232
2.593994   -1.08793   -4.19652
2.604167   -1.22862   -4.14444
2.614339   -1.36634   -4.08625
2.624512   -1.50078   -4.02214
2.634684   -1.63164   -3.95233
2.644857   -1.75863   -3.87703
2.655029   -1.88149   -3.7965
2.665202   -1.99996   -3.71099
2.675374   -2.11381   -3.62077
2.685547   -2.22281   -3.52613
2.695719   -2.32678   -3.42736
2.705892   -2.42554   -3.32477
2.716064   -2.51892   -3.21867
2.726237   -2.6068   -3.10937
2.736410   -2.68905   -2.99721
2.746582   -2.76558   -2.8825
2.756755   -2.83632   -2.76558
2.766927   -2.90122   -2.64679
2.777100   -2.96024   -2.52644
2.787272   -3.01337   -2.40487
2.797445   -3.06062   -2.2824
2.807617   -3.10202   -2.15934
2.817790   -3.13761   -2.03603
2.827962   -3.16746   -1.91275
2.838135   -3.19166   -1.78981
2.848307   -3.21029   -1.66749
2.858480   -3.22348   -1.54608
2.868652   -3.23135   -1.42583
2.878825   -3.23405   -1.30702
2.888997   -3.23173   -1.18987
2.899170   -3.22457   -1.07461
2.909342   -3.21273   -0.961464
2.919515   -3.19641   -0.850629
2.929688   -3.1758   -0.742289
2.939860   -3.15111   -0.636616
2.950033   -3.12254   -0.533766
2.960205   -3.09031   -0.433878
2.970378   -3.05463   -0.337077
2.980550   -3.01573   -0.243473
2.990723   -2.97384   -0.153161
3.000895   -2.92916   -0.0662201
3.011068   -2.88193   0.0172833
3.021240   -2.83237   0.0972986
3.031413   -2.78069   0.173788
3.041585   -2.72712   0.246728
3.051758   -2.67186   0.316108
3.061930   -2.61512   0.381927
3.072103   -2.55711   0.444199
3.082275   -2.49803   0.502947
3.092448   -2.43806   0.558206
3.102620   -2.37739   0.610018
3.112793   -2.31619   0.658438
3.122965   -2.25464   0.703524
3.133138   -2.1929   0.745347
3.143311   -2.13112   0.783981
3.153483   -2.06944   0.819509
3.163656   -2.00801   0.852016
3.173828   -1.94694   0.881596
3.184001   -1.88636   0.908343
3.194173   -1.82639   0.932358
3.204346   -1.76711   0.953742
3.214518   -1.70864   0.9726
3.224691   -1.65104   0.989038
3.234863   -1.59441   1.00316
3.245036   -1.5388   1.01509
3.255208   -1.48429   1.02491
3.265381   -1.43092   1.03275
3.275553   -1.37874   1.0387
3.285726   -1.3278   1.04287
3.295898   -1.27813   1.04538
3.306071   -1.22975   1.04631
3.316243   -1.18269   1.04578
3.326416   -1.13696   1.04387
3.336589   -1.09258   1.04069
3.346761   -1.04955   1.03632
3.356934   -1.00788   1.03086
3.367106   -0.967555   1.02439
3.377279   -0.928577   1.01699
3.387451   -0.890934   1.00875
3.397624   -0.854613   0.999748
3.407796   -0.819598   0.990048
3.417969   -0.785869   0.979725
3.428141   -0.753407   0.968845
3.438314   -0.722188   0.957472
3.448486   -0.692187   0.945665
3.458659   -0.663376   0.933481
3.468831   -0.635728   0.920973
3.479004   -0.609214   0.908193
3.489176   -0.583802   0.895186
3.499349   -0.559463   0.881998
3.509521   -0.536164   0.86867
3.519694   -0.513873   0.85524
3.529867   -0.492557   0.841743
3.540039   -0.472184   0.828214
3.550212   -0.452721   0.814681
3.560384   -0.434135   0.801174
3.570557   -0.416395   0.787717
3.580729   -0.399466   0.774335
3.590902   -0.383318   0.761048
3.601074   -0.367919   0.747877
3.611247   -0.353238   0.734837
3.621419   -0.339245   0.721944
3.631592   -0.325909   0.709213
3.641764   -0.313202   0.696654
3.651937   -0.301095   0.68428
3.662109   -0.289561   0.672097
3.672282   -0.278572   0.660115
3.682454   -0.268104   0.64834
3.692627   -0.258129   0.636776
3.702799   -0.248625   0.625427
3.712972   -0.239567   0.614297
3.723145   -0.230933   0.603387
3.733317   -0.222702   0.592699
3.743490   -0.214852   0.582232
3.753662   -0.207364   0.571987
3.763835   -0.200218   0.561962
3.774007   -0.193397   0.552156
3.784180   -0.186884   0.542566
3.794352   -0.180661   0.533189
3.804525   -0.174714   0.524023
3.814697   -0.169027   0.515064
3.824870   -0.163588   0.506308
3.835042   -0.158382   0.497751
3.845215   -0.153398   0.489389
3.855387   -0.148624   0.481218
3.865560   -0.14405   0.473233
3.875732   -0.139664   0.46543
3.885905   -0.135458   0.457804
3.896077   -0.131422   0.45035
3.906250   -0.127549   0.443064
3.916423   -0.12383   0.435942
3.926595   -0.120258   0.42898
3.936768   -0.116827   0.422172
3.946940   -0.113529   0.415515
3.957113   -0.11036   0.409005
3.967285   -0.107313   0.402639
3.977458   -0.104384   0.396411
3.987630   -0.101566   0.390319
3.997803   -0.0988566   0.38436
4.007975   -0.09625   0.37853
4.018148   -0.0937424   0.372826
4.028320   -0.0913297   0.367245
4.038493   -0.089008   0.361785
4.048665   -0.0867738   0.356442
4.058838   -0.0846234   0.351214
4.069010   -0.0825533   0.346099
4.079183   -0.0805602   0.341094
4.089355   -0.0786409   0.336197
4.099528   -0.0767921   0.331405
4.109701   -0.0750107   0.326717
4.119873   -0.0732937   0.322131
4.130046   -0.0716381   0.317644
4.140218   -0.070041   0.313254
4.150391   -0.0684994   0.308959
4.160563   -0.0670107   0.304758
4.170736   -0.0655721   0.300647
4.180908   -0.064181   0.296626
4.191081   -0.0628347   0.292691
4.201253   -0.0615308   0.288841
4.211426   -0.0602668   0.285073
4.221598   -0.0590406   0.281386
4.231771   -0.0578499   0.277777
4.241943   -0.0566926   0.274244
4.252116   -0.0555667   0.270784
4.262288   -0.0544705   0.267396
4.272461   -0.0534022   0.264077
4.282633   -0.0523603   0.260825
4.292806   -0.0513432   0.257638
4.302979   -0.0503497   0.254513
4.313151   -0.0493786   0.251448
4.323324   -0.0484289   0.248442
4.333496   -0.0474996   0.245491
4.343669   -0.04659   0.242594
4.353841   -0.0456995   0.239749
4.364014   -0.0448274   0.236954
4.374186   -0.0439734   0.234207
4.384359   -0.0431371   0.231506
4.394531   -0.0423182   0.22885
4.404704   -0.0415168   0.226237
4.414876   -0.0407325   0.223666
4.425049   -0.0399655   0.221136
4.435221   -0.0392158   0.218645
4.445394   -0.0384833   0.216192
4.455566   -0.0377682   0.213776
4.465739   -0.0370705   0.211396
4.475911   -0.0363904   0.209052
4.486084   -0.0357279   0.206743
4.496257   -0.0350831   0.204468
4.506429   -0.034456   0.202227
4.516602   -0.0338465   0.20002
4.526774   -0.0332547   0.197846
4.536947   -0.0326803   0.195705
4.547119   -0.0321232   0.193596
4.557292   -0.0315832   0.19152
4.567464   -0.0310599   0.189477
4.577637   -0.030553   0.187466
4.587809   -0.030062   0.185487
4.597982   -0.0295865   0.183541
4.608154   -0.0291258   0.181626
4.618327   -0.0286793   0.179744
4.628499   -0.0282465   0.177893
4.638672   -0.0278265   0.176074
4.648844   -0.0274186   0.174286
4.659017   -0.027022   0.172529
4.669189   -0.026636   0.170803
4.679362   -0.0262597   0.169108
4.689535   -0.0258922   0.167442
4.699707   -0.0255329   0.165805
4.709880   -0.0251808   0.164197
4.720052   -0.0248353   0.162618
4.730225   -0.0244955   0.161065
4.740397   -0.0241608   0.159539
4.750570   -0.0238306   0.158039
4.760742   -0.0235043   0.156564
4.770915   -0.0231814   0.155113
4.781087   -0.0228613   0.153685
4.791260   -0.0225438   0.152279
4.801432   -0.0222286   0.150895
4.811605   -0.0219153   0.149531
4.821777   -0.0216039   0.148186
4.831950   -0.0212942   0.14686
4.842122   -0.0209864   0.145551
4.852295   -0.0206804   0.144259
4.862467   -0.0203764   0.142983
4.872640   -0.0200746   0.141723
4.882812   -0.0197752   0.140476
4.892985   -0.0194786   0.139244
4.903158   -0.0191851   0.138024
4.913330   -0.018895   0.136818
4.923503   -0.0186088   0.135623
4.933675   -0.0183269   0.134441
4.943848   -0.0180497   0.13327
4.954020   -0.0177777   0.13211
4.964193   -0.0175111   0.130962
4.974365   -0.0172505   0.129825
4.984538   -0.0169961   0.128699
4.994710   -0.0167484   0.127584
5.004883   -0.0165075   0.126481
5.015055   -0.0162738   0.125389
5.025228   -0.0160473   0.124309
5.035400   -0.0158282   0.123241
5.045573   -0.0156166   0.122185
5.055745   -0.0154124   0.121141
5.065918   -0.0152157   0.12011
5.076090   -0.0150262   0.119093
5.086263   -0.0148438   0.118089
5.096436   -0.0146682   0.117098
5.106608   -0.0144991   0.116121
5.116781   -0.0143362   0.115158
5.126953   -0.014179   0.11421
5.137126   -0.0140272   0.113276
5.147298   -0.0138801   0.112356
5.157471   -0.0137373   0.11145
5.167643   -0.0135984   0.11056
5.177816   -0.0134626   0.109683
5.187988   -0.0133296   0.108821
5.198161   -0.0131987   0.107972
5.208333   -0.0130694   0.107138
5.218506   -0.0129413   0.106316
5.228678   -0.0128138   0.105508
5.238851   -0.0126865   0.104712
5.249023   -0.012559   0.103929
5.259196   -0.0124309   0.103157
5.269368   -0.0123019   0.102396
5.279541   -0.0121718   0.101646
5.289714   -0.0120404   0.100905
5.299886   -0.0119076   0.100174
5.310059   -0.0117732   0.0994513
5.320231   -0.0116373   0.0987369
5.330404   -0.0114999   0.09803
5.340576   -0.0113612   0.09733
5.350749   -0.0112212   0.0966365
5.360921   -0.0110803   0.0959489
5.371094   -0.0109386   0.0952666
5.381266   -0.0107965   0.0945895
5.391439   -0.0106544   0.0939169
5.401611   -0.0105125   0.0932487
5.411784   -0.0103713   0.0925845
5.421956   -0.0102312   0.0919242
5.432129   -0.0100926   0.0912676
5.442301   -0.00995601   0.0906146
5.452474   -0.00982172   0.0899653
5.462646   -0.00969018   0.0893195
5.472819   -0.00956176   0.0886775
5.482992   -0.0094368   0.0880393
5.493164   -0.00931563   0.0874052
5.503337   -0.00919851   0.0867753
5.513509   -0.00908567   0.08615
5.523682   -0.00897731   0.0855295
5.533854   -0.00887355   0.0849142
5.544027   -0.00877446   0.0843043
5.554199   -0.00868007   0.0837003
5.564372   -0.00859035   0.0831025
5.574544   -0.00850521   0.0825112
5.584717   -0.00842451   0.0819268
5.594889   -0.00834805   0.0813496
5.605062   -0.00827559   0.0807798
5.615234   -0.00820686   0.0802177
5.625407   -0.00814152   0.0796636
5.635579   -0.00807921   0.0791176
5.645752   -0.00801955   0.0785799
5.655924   -0.00796213   0.0780506
5.666097   -0.00790652   0.0775296
5.676270   -0.00785229   0.077017
5.686442   -0.007799   0.0765127
5.696615   -0.00774622   0.0760166
5.706787   -0.00769353   0.0755286
5.716960   -0.00764052   0.0750483
5.727132   -0.00758683   0.0745756
5.737305   -0.0075321   0.0741101
5.747477   -0.00747602   0.0736514
5.757650   -0.00741832   0.0731993
5.767822   -0.00735877   0.0727532
5.777995   -0.0072972   0.0723128
5.788167   -0.00723347   0.0718776
5.798340   -0.00716751   0.0714472
5.808512   -0.00709928   0.071021
5.818685   -0.00702883   0.0705987
5.828857   -0.00695621   0.0701797
5.839030   -0.00688157   0.0697638
5.849202   -0.00680507   0.0693503
5.859375   -0.00672693   0.0689391
5.869548   -0.0066474   0.0685296
5.879720   -0.00656679   0.0681217
5.889893   -0.0064854   0.0677151
5.900065   -0.00640358   0.0673095
5.910238   -0.00632169   0.0669048
5.920410   -0.00624012   0.0665008
5.930583   -0.00615922   0.0660976
5.940755   -0.00607939   0.065695
5.950928   -0.00600099   0.0652931
5.961100   -0.00592438   0.0648921
5.971273   -0.0058499   0.0644919
5.981445   -0.00577784   0.0640928
5.991618   -0.0057085   0.0636951
6.001790   -0.00564211   0.0632989
6.011963   -0.00557888   0.0629045
6.022135   -0.00551898   0.0625122
6.032308   -0.00546252   0.0621223
6.042480   -0.00540956   0.0617353
6.052653   -0.00536014   0.0613513
6.062826   -0.00531422   0.0609708
6.072998   -0.00527173   0.0605941
6.083171   -0.00523255   0.0602214
6.093343   -0.00519652   0.0598532
6.103516   -0.00516342   0.0594897
6.113688   -0.00513301   0.059131
6.123861   -0.00510501   0.0587776
6.134033   -0.00507912   0.0584295
6.144206   -0.005055   0.0580868
6.154378   -0.0050323   0.0577498
6.164551   -0.00501066   0.0574183
6.174723   -0.0049897   0.0570925
6.184896   -0.00496905   0.0567723
6.195068   -0.00494835   0.0564576
6.205241   -0.00492723   0.0561483
6.215413   -0.00490537   0.0558442
6.225586   -0.00488243   0.0555451
6.235758   -0.00485814   0.0552507
6.245931   -0.00483222   0.0549608
6.256104   -0.00480446   0.0546751
6.266276   -0.00477468   0.0543931
6.276449   -0.00474272   0.0541146
6.286621   -0.00470849   0.0538392
6.296794   -0.00467193   0.0535664
6.306966   -0.00463304   0.053296
6.317139   -0.00459185   0.0530276
6.327311   -0.00454845   0.0527606
6.337484   -0.00450295   0.052495
6.347656   -0.00445552   0.0522302
6.357829   -0.00440636   0.051966
6.368001   -0.00435572   0.051702
6.378174   -0.00430384   0.0514382
6.388346   -0.00425103   0.0511742
6.398519   -0.0041976   0.0509099
6.408691   -0.00414386   0.0506451
6.418864   -0.00409016   0.0503799
6.429036   -0.00403684   0.0501141
6.439209   -0.00398422   0.0498477
6.449382   -0.00393265   0.0495809
6.459554   -0.00388243   0.0493136
6.469727   -0.00383386   0.0490461
6.479899   -0.00378722   0.0487785
6.490072   -0.00374276   0.048511
6.500244   -0.00370069   0.0482439
6.510417   -0.0036612   0.0479774
6.520589   -0.00362441   0.0477118
6.530762   -0.00359045   0.0474474
6.540934   -0.00355936   0.0471844
6.551107   -0.00353117   0.0469233
6.561279   -0.00350585   0.0466644
6.571452   -0.00348334   0.0464078
6.581624   -0.00346352   0.046154
6.591797   -0.00344626   0.0459032
6.601969   -0.00343136   0.0456557
6.612142   -0.00341861   0.0454117
6.622314   -0.00340777   0.0451714
6.632487   -0.00339856   0.0449349
6.642660   -0.00339069   0.0447025
6.652832   -0.00338385   0.0444742
6.663005   -0.00337772   0.04425
6.673177   -0.00337197   0.04403
6.683350   -0.00336628   0.0438142
6.693522   -0.00336033   0.0436024
6.703695   -0.00335379   0.0433946
6.713867   -0.00334638   0.0431907
6.724040   -0.00333783   0.0429904
6.734212   -0.00332786   0.0427935
6.744385   -0.00331627   0.0425998
6.754557   -0.00330285   0.042409
6.764730   -0.00328746   0.0422208
6.774902   -0.00326996   0.042035
6.785075   -0.00325027   0.0418511
6.795247   -0.00322836   0.0416689
6.805420   -0.00320422   0.0414881
6.815592   -0.00317789   0.0413082
6.825765   -0.00314944   0.0411291
6.835938   -0.003119   0.0409503
6.846110   -0.00308671   0.0407717
6.856283   -0.00305276   0.0405928
6.866455   -0.00301736   0.0404136
6.876628   -0.00298075   0.0402338
6.886800   -0.00294319   0.0400532
6.896973   -0.00290498   0.0398717
6.907145   -0.00286639   0.0396892
6.917318   -0.00282773   0.0395057
6.927490   -0.0027893   0.039321
6.937663   -0.00275141   0.0391353
6.947835   -0.00271435   0.0389485
6.958008   -0.00267841   0.0387609
6.968180   -0.00264385   0.0385724
6.978353   -0.00261091   0.0383833
6.988525   -0.00257983   0.0381938
6.998698   -0.00255078   0.0380041
7.008870   -0.00252393   0.0378144
7.019043   -0.00249942   0.037625
7.029215   -0.00247732   0.0374361
7.039388   -0.0024577   0.0372481
7.049561   -0.00244057   0.0370612
7.059733   -0.00242591   0.0368758
7.069906   -0.00241366   0.036692
7.080078   -0.00240371   0.0365102
7.090251   -0.00239595   0.0363307
7.100423   -0.0023902   0.0361536
7.110596   -0.00238627   0.0359792
7.120768   -0.00238394   0.0358076
7.130941   -0.00238297   0.0356391
7.141113   -0.00238309   0.0354737
7.151286   -0.00238403   0.0353116
7.161458   -0.0023855   0.0351527
7.171631   -0.00238721   0.0349972
7.181803   -0.00238887   0.0348449
7.191976   -0.00239019   0.0346959
7.202148   -0.0023909   0.03455
7.212321   -0.00239072   0.0344071
7.222493   -0.00238941   0.034267
7.232666   -0.00238674   0.0341297
7.242839   -0.00238252   0.0339947
7.253011   -0.00237658   0.033862
7.263184   -0.00236877   0.0337312
7.273356   -0.00235898   0.0336021
7.283529   -0.00234715   0.0334744
7.293701   -0.00233324   0.0333478
7.303874   -0.00231725   0.033222
7.314046   -0.00229922   0.0330967
7.324219   -0.00227921   0.0329716
7.334391   -0.00225734   0.0328465
7.344564   -0.00223374   0.0327212
7.354736   -0.00220858   0.0325953
7.364909   -0.00218206   0.0324687
7.375081   -0.00215439   0.0323412
7.385254   -0.00212581   0.0322127
7.395426   -0.00209658   0.0320829
7.405599   -0.00206695   0.031952
7.415771   -0.00203721   0.0318197
7.425944   -0.00200763   0.0316861
7.436117   -0.00197849   0.0315512
7.446289   -0.00195004   0.0314151
7.456462   -0.00192255   0.0312779
7.466634   -0.00189625   0.0311396
7.476807   -0.00187137   0.0310004
7.486979   -0.00184812   0.0308605
7.497152   -0.00182665   0.0307201
7.507324   -0.00180713   0.0305795
7.517497   -0.00178966   0.0304388
7.527669   -0.00177433   0.0302984
7.537842   -0.00176119   0.0301584
7.548014   -0.00175025   0.0300191
7.558187   -0.00174148   0.0298809
7.568359   -0.00173485   0.0297439
7.578532   -0.00173026   0.0296085
7.588704   -0.00172758   0.0294747
7.598877   -0.00172668   0.029343
7.609049   -0.00172738   0.0292133
7.619222   -0.00172947   0.0290861
7.629395   -0.00173275   0.0289613
7.639567   -0.00173696   0.028839
7.649740   -0.00174187   0.0287195
7.659912   -0.00174721   0.0286027
7.670085   -0.00175272   0.0284886
7.680257   -0.00175813   0.0283772
7.690430   -0.00176318   0.0282686
7.700602   -0.00176763   0.0281625
7.710775   -0.00177124   0.0280589
7.720947   -0.00177377   0.0279577
7.731120   -0.00177502   0.0278586
7.741292   -0.00177483   0.0277615
7.751465   -0.00177302   0.0276662
7.761637   -0.00176947   0.0275724
7.771810   -0.00176409   0.0274799
7.781982   -0.00175682   0.0273884
7.792155   -0.00174761   0.0272977
7.802327   -0.00173647   0.0272075
7.812500   -0.00172344   0.0271175
7.822673   -0.00170858   0.0270276
7.832845   -0.00169198   0.0269374
7.843018   -0.00167377   0.0268467
7.853190   -0.00165411   0.0267554
7.863363   -0.00163318   0.0266632
7.873535   -0.00161116   0.02657
7.883708   -0.00158829   0.0264756
7.893880   -0.00156478   0.0263799
7.904053   -0.00154088   0.0262829
7.914225   -0.00151685   0.0261845
7.924398   -0.00149293   0.0260847
7.934570   -0.00146936   0.0259835
7.944743   -0.00144641   0.025881
7.954915   -0.00142429   0.0257773
7.965088   -0.00140323   0.0256724
7.975260   -0.00138343   0.0255666
7.985433   -0.00136508   0.0254599
7.995605   -0.00134834   0.0253526
8.005778   -0.00133333   0.0252448
8.015951   -0.00132017   0.0251369
8.026123   -0.00130893   0.0250289
8.036296   -0.00129965   0.0249213
8.046468   -0.00129236   0.0248141
8.056641   -0.00128703   0.0247076
8.066813   -0.00128362   0.0246021
8.076986   -0.00128205   0.0244979
8.087158   -0.0012822   0.024395
8.097331   -0.00128395   0.0242938
8.107503   -0.00128713   0.0241944
8.117676   -0.00129157   0.0240969
8.127848   -0.00129706   0.0240015
8.138021   -0.00130339   0.0239084
8.148193   -0.00131033   0.0238175
8.158366   -0.00131764   0.023729
8.168538   -0.00132509   0.0236428
8.178711   -0.00133243   0.0235589
8.188883   -0.00133942   0.0234774
8.199056   -0.00134584   0.0233981
8.209229   -0.00135146   0.0233209
8.219401   -0.00135608   0.0232457
8.229574   -0.00135952   0.0231723
8.239746   -0.0013616   0.0231006
8.249919   -0.00136219   0.0230304
8.260091   -0.00136117   0.0229615
8.270264   -0.00135844   0.0228936
8.280436   -0.00135396   0.0228265
8.290609   -0.00134769   0.0227599
8.300781   -0.00133963   0.0226938
8.310954   -0.0013298   0.0226277
8.321126   -0.00131828   0.0225615
8.331299   -0.00130514   0.0224949
8.341471   -0.00129051   0.0224277
8.351644   -0.00127451   0.0223599
8.361816   -0.00125732   0.0222911
8.371989   -0.00123912   0.0222212
8.382161   -0.0012201   0.0221501
8.392334   -0.00120048   0.0220778
8.402507   -0.00118048   0.022004
8.412679   -0.00116032   0.0219289
8.422852   -0.00114024   0.0218524
8.433024   -0.00112047   0.0217745
8.443197   -0.00110123   0.0216953
8.453369   -0.00108273   0.0216147
8.463542   -0.00106519   0.0215331
8.473714   -0.00104878   0.0214504
8.483887   -0.00103367   0.0213668
8.494059   -0.00102002   0.0212825
8.504232   -0.00100795   0.0211977
8.514404   -0.000997558   0.0211126
8.524577   -0.00098891   0.0210274
8.534749   -0.000982054   0.0209422
8.544922   -0.000977004   0.0208575
8.555094   -0.000973745   0.0207733
8.565267   -0.000972234   0.0206898
8.575439   -0.0009724   0.0206074
8.585612   -0.000974145   0.0205262
8.595785   -0.000977347   0.0204463
8.605957   -0.000981861   0.020368
8.616130   -0.000987521   0.0202914
8.626302   -0.000994143   0.0202166
8.636475   -0.00100153   0.0201437
8.646647   -0.00100947   0.0200728
8.656820   -0.00101775   0.020004
8.666992   -0.00102615   0.0199372
8.677165   -0.00103444   0.0198725
8.687337   -0.00104241   0.0198099
8.697510   -0.00104984   0.0197492
8.707682   -0.00105653   0.0196903
8.717855   -0.0010623   0.0196332
8.728027   -0.00106696   0.0195777
8.738200   -0.00107037   0.0195237
8.748372   -0.0010724   0.0194709
8.758545   -0.00107293   0.0194192
8.768717   -0.00107188   0.0193684
8.778890   -0.00106919   0.0193183
8.789062   -0.00106485   0.0192686
8.799235   -0.00105883   0.0192192
8.809408   -0.00105118   0.0191697
8.819580   -0.00104195   0.0191201
8.829753   -0.0010312   0.01907
8.839925   -0.00101906   0.0190194
8.850098   -0.00100565   0.018968
8.860270   -0.000991111   0.0189156
8.870443   -0.000975617   0.0188622
8.880615   -0.000959349   0.0188076
8.890788   -0.000942503   0.0187518
8.900960   -0.000925283   0.0186946
8.911133   -0.0009079   0.018636
8.921305   -0.000890567   0.0185761
8.931478   -0.000873496   0.0185147
8.941650   -0.000856894   0.0184521
8.951823   -0.000840962   0.0183882
8.961995   -0.000825887   0.0183232
8.972168   -0.000811844   0.0182571
8.982340   -0.000798992   0.0181902
8.992513   -0.000787467   0.0181224
9.002686   -0.000777386   0.0180542
9.012858   -0.000768841   0.0179855
9.023031   -0.000761901   0.0179167
9.033203   -0.000756607   0.0178479
9.043376   -0.000752975   0.0177793
9.053548   -0.000750991   0.0177111
9.063721   -0.000750619   0.0176436
9.073893   -0.000751794   0.017577
9.084066   -0.000754428   0.0175113
9.094238   -0.000758408   0.0174469
9.104411   -0.000763601   0.0173838
9.114583   -0.000769855   0.0173222
9.124756   -0.000777002   0.0172622
9.134928   -0.000784858   0.0172039
9.145101   -0.000793232   0.0171475
9.155273   -0.000801921   0.0170928
9.165446   -0.000810722   0.01704
9.175618   -0.000819429   0.016989
9.185791   -0.000827838   0.0169399
9.195964   -0.000835753   0.0168925
9.206136   -0.000842986   0.0168467
9.216309   -0.00084936   0.0168026
9.226481   -0.000854713   0.0167599
9.236654   -0.000858904   0.0167184
9.246826   -0.000861807   0.0166781
9.256999   -0.00086332   0.0166388
9.267171   -0.000863366   0.0166002
9.277344   -0.000861889   0.0165622
9.287516   -0.000858861   0.0165246
9.297689   -0.00085428   0.0164871
9.307861   -0.000848168   0.0164496
9.318034   -0.000840573   0.0164119
9.328206   -0.000831567   0.0163737
9.338379   -0.000821248   0.0163349
9.348551   -0.000809731   0.0162954
9.358724   -0.000797154   0.016255
9.368896   -0.000783672   0.0162135
9.379069   -0.000769452   0.0161709
9.389242   -0.000754675   0.016127
9.399414   -0.000739532   0.0160819
9.409587   -0.000724217   0.0160354
9.419759   -0.000708929   0.0159876
9.429932   -0.000693864   0.0159384
9.440104   -0.000679217   0.015888
9.450277   -0.000665173   0.0158364
9.460449   -0.000651909   0.0157836
9.470622   -0.000639587   0.0157298
9.480794   -0.000628356   0.0156751
9.490967   -0.000618345   0.0156197
9.501139   -0.000609664   0.0155636
9.511312   -0.000602401   0.0155072
9.521484   -0.000596621   0.0154505
9.531657   -0.000592364   0.0153938
9.541829   -0.000589646   0.0153372
9.552002   -0.000588459   0.015281
9.562174   -0.000588768   0.0152253
9.572347   -0.000590516   0.0151703
9.582520   -0.000593623   0.0151162
9.592692   -0.000597985   0.0150632
9.602865   -0.00060348   0.0150114
9.613037   -0.000609968   0.0149609
9.623210   -0.000617293   0.0149119
9.633382   -0.000625285   0.0148644
9.643555   -0.000633767   0.0148185
9.653727   -0.000642551   0.0147743
9.663900   -0.000651447   0.0147317
9.674072   -0.000660263   0.0146909
9.684245   -0.000668811   0.0146516
9.694417   -0.000676906   0.014614
9.704590   -0.000684372   0.0145779
9.714762   -0.000691044   0.0145432
9.724935   -0.00069677   0.0145098
9.735107   -0.000701415   0.0144776
9.745280   -0.000704863   0.0144464
9.755452   -0.000707017   0.0144161
9.765625   -0.000707802   0.0143865
9.775798   -0.000707164   0.0143573
9.785970   -0.000705077   0.0143285
9.796143   -0.000701534   0.0142998
9.806315   -0.000696556   0.0142711
9.816488   -0.000690185   0.0142421
9.826660   -0.000682488   0.0142127
9.836833   -0.000673552   0.0141827
9.847005   -0.000663485   0.0141519
9.857178   -0.000652413   0.0141203
9.867350   -0.00064048   0.0140877
9.877523   -0.00062784   0.0140539
9.887695   -0.000614664   0.014019
9.897868   -0.000601126   0.0139829
9.908040   -0.000587409   0.0139455
9.918213   -0.000573698   0.0139067
9.928385   -0.000560177   0.0138668
9.938558   -0.000547028   0.0138255
9.948730   -0.000534424   0.0137831
9.958903   -0.000522531   0.0137396
9.969076   -0.000511504   0.0136951
9.979248   -0.000501481   0.0136497
9.989421   -0.000492584   0.0136035
9.999593   -0.000484919   0.0135568
10.009766   -0.000478569   0.0135096
10.019938   -0.000473597   0.0134621
10.030111   -0.000470043   0.0134146
10.040283   -0.000467924   0.0133672
10.050456   -0.000467232   0.01332
10.060628   -0.00046794   0.0132733
10.070801   -0.000469995   0.0132272
10.080973   -0.000473323   0.0131819
10.091146   -0.000477831   0.0131375
10.101318   -0.000483404   0.0130942
10.111491   -0.000489914   0.0130521
10.121663   -0.000497216   0.0130114
10.131836   -0.000505152   0.012972
10.142008   -0.000513557   0.0129341
10.152181   -0.000522256   0.0128977
10.162354   -0.000531071   0.0128629
10.172526   -0.000539823   0.0128296
10.182699   -0.000548335   0.0127978
10.192871   -0.000556433   0.0127675
10.203044   -0.000563953   0.0127386
10.213216   -0.000570738   0.012711
10.223389   -0.000576646   0.0126845
10.233561   -0.000581549   0.0126592
10.243734   -0.000585336   0.0126348
10.253906   -0.000587914   0.0126112
10.264079   -0.000589211   0.0125883
10.274251   -0.000589176   0.0125658
10.284424   -0.000587781   0.0125435
10.294596   -0.000585019   0.0125214
10.304769   -0.000580906   0.0124992
10.314941   -0.00057548   0.0124768
10.325114   -0.000568802   0.0124539
10.335286   -0.000560951   0.0124305
10.345459   -0.000552028   0.0124064
10.355632   -0.000542148   0.0123814
10.365804   -0.000531445   0.0123555
10.375977   -0.000520065   0.0123285
10.386149   -0.000508162   0.0123004
10.396322   -0.000495904   0.0122711
10.406494   -0.000483459   0.0122406
10.416667   -0.000471001   0.0122088
10.426839   -0.000458703   0.0121759
10.437012   -0.000446735   0.0121417
10.447184   -0.000435262   0.0121064
10.457357   -0.00042444   0.01207
10.467529   -0.000414414   0.0120326
10.477702   -0.000405317   0.0119944
10.487874   -0.000397265   0.0119555
10.498047   -0.000390357   0.0119159
10.508219   -0.000384674   0.0118759
10.518392   -0.000380278   0.0118356
10.528564   -0.000377207   0.0117952
10.538737   -0.00037548   0.0117548
10.548910   -0.000375093   0.0117146
10.559082   -0.000376021   0.0116749
10.569255   -0.000378216   0.0116356
10.579427   -0.000381611   0.0115971
10.589600   -0.00038612   0.0115594
10.599772   -0.000391638   0.0115227
10.609945   -0.000398046   0.0114871
10.620117   -0.000405208   0.0114527
10.630290   -0.000412977   0.0114196
10.640462   -0.000421199   0.0113879
10.650635   -0.000429711   0.0113575
10.660807   -0.000438345   0.0113286
10.670980   -0.000446934   0.0113011
10.681152   -0.000455309   0.0112749
10.691325   -0.000463309   0.0112502
10.701497   -0.000470777   0.0112267
10.711670   -0.000477565   0.0112045
10.721842   -0.000483539   0.0111834
10.732015   -0.000488576   0.0111633
10.742188   -0.00049257   0.0111441
10.752360   -0.000495433   0.0111256
10.762533   -0.000497094   0.0111076
10.772705   -0.000497505   0.0110902
10.782878   -0.000496635   0.0110729
10.793050   -0.000494477   0.0110558
10.803223   -0.000491044   0.0110386
10.813395   -0.000486369   0.0110211
10.823568   -0.000480508   0.0110033
10.833740   -0.000473533   0.0109849
10.843913   -0.000465536   0.0109659
10.854085   -0.000456627   0.010946
10.864258   -0.000446927   0.0109253
10.874430   -0.000436574   0.0109035
10.884603   -0.000425713   0.0108807
10.894775   -0.000414499   0.0108567
10.904948   -0.000403092   0.0108315
10.915120   -0.000391655   0.0108052
10.925293   -0.00038035   0.0107777
10.935465   -0.000369339   0.0107491
10.945638   -0.000358776   0.0107193
10.955811   -0.000348811   0.0106885
10.965983   -0.000339581   0.0106568
10.976156   -0.000331211   0.0106243
10.986328   -0.000323814   0.010591
10.996501   -0.000317484   0.0105571
11.006673   -0.0003123   0.0105227
11.016846   -0.000308321   0.010488
11.027018   -0.000305587   0.0104532
11.037191   -0.000304116   0.0104184
11.047363   -0.000303907   0.0103838
11.057536   -0.000304938   0.0103495
11.067708   -0.000307168   0.0103157
11.077881   -0.000310534   0.0102825
11.088053   -0.000314958   0.0102501
11.098226   -0.000320342   0.0102185
11.108398   -0.000326574   0.010188
11.118571   -0.000333529   0.0101586
11.128743   -0.00034107   0.0101304
11.138916   -0.000349052   0.0101034
11.149089   -0.00035732   0.0100777
11.159261   -0.000365718   0.0100534
11.169434   -0.000374088   0.0100304
11.179606   -0.000382271   0.0100087
11.189779   -0.000390114   0.00998822
11.199951   -0.000397467   0.00996899
11.210124   -0.000404192   0.00995091
11.220296   -0.00041016   0.00993387
11.230469   -0.000415253   0.00991778
11.240641   -0.00041937   0.00990252
11.250814   -0.000422425   0.00988794
11.260986   -0.000424352   0.00987392
11.271159   -0.0004251   0.00986029
11.281331   -0.00042464   0.00984692
11.291504   -0.000422963   0.00983363
11.301676   -0.000420078   0.00982027
11.311849   -0.000416015   0.00980669
11.322021   -0.000410824   0.00979274
11.332194   -0.000404572   0.00977828
11.342367   -0.000397344   0.00976318
11.352539   -0.000389241   0.00974732
11.362712   -0.000380379   0.0097306
11.372884   -0.000370883   0.00971292
11.383057   -0.000360891   0.00969422
11.393229   -0.000350549   0.00967444
11.403402   -0.000340007   0.00965354
11.413574   -0.000329419   0.00963151
11.423747   -0.000318938   0.00960836
11.433919   -0.000308718   0.0095841
11.444092   -0.000298905   0.00955879
11.454264   -0.00028964   0.00953248
11.464437   -0.000281055   0.00950525
11.474609   -0.00027327   0.00947719
11.484782   -0.000266393   0.00944842
11.494954   -0.000260514   0.00941906
11.505127   -0.00025571   0.00938924
11.515299   -0.000252038   0.0093591
11.525472   -0.000249539   0.00932878
11.535645   -0.000248232   0.00929845
11.545817   -0.000248117   0.00926824
11.555990   -0.000249177   0.00923832
11.566162   -0.000251375   0.00920883
11.576335   -0.000254652   0.0091799
11.586507   -0.000258938   0.00915167
11.596680   -0.000264141   0.00912427
11.606852   -0.000270157   0.00909779
11.617025   -0.000276869   0.00907234
11.627197   -0.000284149   0.009048
11.637370   -0.000291859   0.00902483
11.647542   -0.000299855   0.00900286
11.657715   -0.000307989   0.00898213
11.667887   -0.000316112   0.00896264
11.678060   -0.000324073   0.00894438
11.688232   -0.000331726   0.00892732
11.698405   -0.00033893   0.0089114
11.708577   -0.000345553   0.00889655
11.718750   -0.000351469   0.00888271
11.728923   -0.000356568   0.00886975
11.739095   -0.000360753   0.00885757
11.749268   -0.000363939   0.00884606
11.759440   -0.000366062   0.00883506
11.769613   -0.000367072   0.00882445
11.779785   -0.00036694   0.00881407
11.789958   -0.000365653   0.00880378
11.800130   -0.00036322   0.00879344
11.810303   -0.000359667   0.00878289
11.820475   -0.000355038   0.00877199
11.830648   -0.000349395   0.00876061
11.840820   -0.000342818   0.00874863
11.850993   -0.000335399   0.00873593
11.861165   -0.000327247   0.00872241
11.871338   -0.00031848   0.00870798
11.881510   -0.000309227   0.00869257
11.891683   -0.000299626   0.00867614
11.901855   -0.000289818   0.00865864
11.912028   -0.000279949   0.00864006
11.922201   -0.000270165   0.0086204
11.932373   -0.00026061   0.00859969
11.942546   -0.000251426   0.00857795
11.952718   -0.000242745   0.00855525
11.962891   -0.000234694   0.00853166
11.973063   -0.000227389   0.00850727
11.983236   -0.000220931   0.00848217
11.993408   -0.000215411   0.00845649
12.003581   -0.000210901   0.00843035
12.013753   -0.000207459   0.00840388
12.023926   -0.000205123   0.00837723
12.034098   -0.000203916   0.00835052
12.044271   -0.00020384   0.00832391
12.054443   -0.00020488   0.00829755
12.064616   -0.000207002   0.00827156
12.074788   -0.000210155   0.00824608
12.084961   -0.000214272   0.00822125
12.095133   -0.000219268   0.00819718
12.105306   -0.000225047   0.00817396
12.115479   -0.000231498   0.0081517
12.125651   -0.000238501   0.00813048
12.135824   -0.000245927   0.00811034
12.145996   -0.000253639   0.00809134
12.156169   -0.000261498   0.0080735
12.166341   -0.000269361   0.00805682
12.176514   -0.000277086   0.00804131
12.186686   -0.000284533   0.00802692
12.196859   -0.000291569   0.00801362
12.207031   -0.000298066   0.00800134
12.217204   -0.000303905   0.00799001
12.227376   -0.000308979   0.00797952
12.237549   -0.000313193   0.00796978
12.247721   -0.000316468   0.00796067
12.257894   -0.000318738   0.00795206
12.268066   -0.000319956   0.00794381
12.278239   -0.000320091   0.00793581
12.288411   -0.000319129   0.00792789
12.298584   -0.000317076   0.00791992
12.308757   -0.000313955   0.00791177
12.318929   -0.000309806   0.00790329
12.329102   -0.000304685   0.00789437
12.339274   -0.000298667   0.00788487
12.349447   -0.000291837   0.0078747
12.359619   -0.000284298   0.00786374
12.369792   -0.00027616   0.00785193
12.379964   -0.000267546   0.00783919
12.390137   -0.000258584   0.00782546
12.400309   -0.000249409   0.00781072
12.410482   -0.000240159   0.00779495
12.420654   -0.000230972   0.00777813
12.430827   -0.000221987   0.00776031
12.440999   -0.000213338   0.0077415
12.451172   -0.000205152   0.00772175
12.461344   -0.000197551   0.00770115
12.471517   -0.000190645   0.00767976
12.481689   -0.000184534   0.00765769
12.491862   -0.000179303   0.00763504
