    0.000000    7.878231e-03
    0.030518    7.934437e-03
    0.061035    7.992416e-03
    0.091553    8.052154e-03
    0.122070    8.113632e-03
    0.152588    8.176819e-03
    0.183105    8.241674e-03
    0.213623    8.308151e-03
    0.244141    8.376194e-03
    0.274658    8.445741e-03
    0.305176    8.516723e-03
    0.335693    8.589065e-03
    0.366211    8.662687e-03
    0.396729    8.737507e-03
    0.427246    8.813438e-03
    0.457764    8.890391e-03
    0.488281    8.968276e-03
    0.518799    9.047004e-03
    0.549316    9.126487e-03
    0.579834    9.206637e-03
    0.610352    9.287370e-03
    0.640869    9.368606e-03
    0.671387    9.450272e-03
    0.701904    9.532297e-03
    0.732422    9.614620e-03
    0.762939    9.697185e-03
    0.793457    9.779948e-03
    0.823975    9.862869e-03
    0.854492    9.945923e-03
    0.885010    1.002909e-02
    0.915527    1.011237e-02
    0.946045    1.019576e-02
    0.976562    1.027928e-02
    1.007080    1.036295e-02
    1.037598    1.044682e-02
    1.068115    1.053094e-02
    1.098633    1.061536e-02
    1.129150    1.070017e-02
    1.159668    1.078544e-02
    1.190186    1.087127e-02
    1.220703    1.095776e-02
    1.251221    1.104503e-02
    1.281738    1.113320e-02
    1.312256    1.122240e-02
    1.342773    1.131277e-02
    1.373291    1.140444e-02
    1.403809    1.149758e-02
    1.434326    1.159232e-02
    1.464844    1.168882e-02
    1.495361    1.178725e-02
    1.525879    1.188776e-02
    1.556396    1.199050e-02
    1.586914    1.209564e-02
    1.617432    1.220333e-02
    1.647949    1.231371e-02
    1.678467    1.242694e-02
    1.708984    1.254316e-02
    1.739502    1.266250e-02
    1.770020    1.278509e-02
    1.800537    1.291106e-02
    1.831055    1.304050e-02
    1.861572    1.317353e-02
    1.892090    1.331025e-02
    1.922607    1.345073e-02
    1.953125    1.359504e-02
    1.983643    1.374326e-02
    2.014160    1.389544e-02
    2.044678    1.405162e-02
    2.075195    1.421183e-02
    2.105713    1.437611e-02
    2.136230    1.454445e-02
    2.166748    1.471688e-02
    2.197266    1.489338e-02
    2.227783    1.507395e-02
    2.258301    1.525858e-02
    2.288818    1.544725e-02
    2.319336    1.563992e-02
    2.349854    1.583658e-02
    2.380371    1.603719e-02
    2.410889    1.624172e-02
    2.441406    1.645015e-02
    2.471924    1.666243e-02
    2.502441    1.687856e-02
    2.532959    1.709850e-02
    2.563477    1.732225e-02
    2.593994    1.754979e-02
    2.624512    1.778112e-02
    2.655029    1.801627e-02
    2.685547    1.825525e-02
    2.716064    1.849809e-02
    2.746582    1.874484e-02
    2.777100    1.899557e-02
    2.807617    1.925036e-02
    2.838135    1.950930e-02
    2.868652    1.977251e-02
    2.899170    2.004011e-02
    2.929688    2.031226e-02
    2.960205    2.058912e-02
    2.990723    2.087090e-02
    3.021240    2.115778e-02
    3.051758    2.145002e-02
    3.082275    2.174785e-02
    3.112793    2.205155e-02
    3.143311    2.236141e-02
    3.173828    2.267773e-02
    3.204346    2.300086e-02
    3.234863    2.333114e-02
    3.265381    2.366894e-02
    3.295898    2.401464e-02
    3.326416    2.436865e-02
    3.356934    2.473140e-02
    3.387451    2.510331e-02
    3.417969    2.548485e-02
    3.448486    2.587647e-02
    3.479004    2.627867e-02
    3.509521    2.669193e-02
    3.540039    2.711676e-02
    3.570557    2.755369e-02
    3.601074    2.800323e-02
    3.631592    2.846594e-02
    3.662109    2.894237e-02
    3.692627    2.943306e-02
    3.723145    2.993861e-02
    3.753662    3.045958e-02
    3.784180    3.099656e-02
    3.814697    3.155017e-02
    3.845215    3.212101e-02
    3.875732    3.270970e-02
    3.906250    3.331687e-02
    3.936768    3.394318e-02
    3.967285    3.458929e-02
    3.997803    3.525586e-02
    4.028320    3.594360e-02
    4.058838    3.665322e-02
    4.089355    3.738545e-02
    4.119873    3.814104e-02
    4.150391    3.892077e-02
    4.180908    3.972547e-02
    4.211426    4.055595e-02
    4.241943    4.141310e-02
    4.272461    4.229782e-02
    4.302979    4.321107e-02
    4.333496    4.415383e-02
    4.364014    4.512714e-02
    4.394531    4.613211e-02
    4.425049    4.716986e-02
    4.455566    4.824160e-02
    4.486084    4.934861e-02
    4.516602    5.049221e-02
    4.547119    5.167380e-02
    4.577637    5.289487e-02
    4.608154    5.415698e-02
    4.638672    5.546176e-02
    4.669189    5.681095e-02
    4.699707    5.820638e-02
    4.730225    5.964995e-02
    4.760742    6.114370e-02
    4.791260    6.268974e-02
    4.821777    6.429031e-02
    4.852295    6.594777e-02
    4.882812    6.766456e-02
    4.913330    6.944328e-02
    4.943848    7.128663e-02
    4.974365    7.319744e-02
    5.004883    7.517869e-02
    5.035400    7.723346e-02
    5.065918    7.936500e-02
    5.096436    8.157667e-02
    5.126953    8.387198e-02
    5.157471    8.625460e-02
    5.187988    8.872831e-02
    5.218506    9.129708e-02
    5.249023    9.396499e-02
    5.279541    9.673629e-02
    5.310059    9.961538e-02
    5.340576    1.026068e-01
    5.371094    1.057152e-01
    5.401611    1.089456e-01
    5.432129    1.123027e-01
    5.462646    1.157920e-01
    5.493164    1.194185e-01
    5.523682    1.231878e-01
    5.554199    1.271055e-01
    5.584717    1.311772e-01
    5.615234    1.354090e-01
    5.645752    1.398067e-01
    5.676270    1.443766e-01
    5.706787    1.491250e-01
    5.737305    1.540581e-01
    5.767822    1.591827e-01
    5.798340    1.645054e-01
    5.828857    1.700328e-01
    5.859375    1.757720e-01
    5.889893    1.817298e-01
    5.920410    1.879134e-01
    5.950928    1.943298e-01
    5.981445    2.009864e-01
    6.011963    2.078903e-01
    6.042480    2.150490e-01
    6.072998    2.224698e-01
    6.103516    2.301601e-01
    6.134033    2.381274e-01
    6.164551    2.463791e-01
    6.195068    2.549225e-01
    6.225586    2.637652e-01
    6.256104    2.729143e-01
    6.286621    2.823773e-01
    6.317139    2.921612e-01
    6.347656    3.022731e-01
    6.378174    3.127201e-01
    6.408691    3.235088e-01
    6.439209    3.346459e-01
    6.469727    3.461379e-01
    6.500244    3.579909e-01
    6.530762    3.702108e-01
    6.561279    3.828033e-01
    6.591797    3.957737e-01
    6.622314    4.091270e-01
    6.652832    4.228677e-01
    6.683350    4.370001e-01
    6.713867    4.515279e-01
    6.744385    4.664543e-01
    6.774902    4.817820e-01
    6.805420    4.975131e-01
    6.835938    5.136493e-01
    6.866455    5.301913e-01
    6.896973    5.471394e-01
    6.927490    5.644932e-01
    6.958008    5.822513e-01
    6.988525    6.004116e-01
    7.019043    6.189713e-01
    7.049561    6.379266e-01
    7.080078    6.572726e-01
    7.110596    6.770038e-01
    7.141113    6.971133e-01
    7.171631    7.175934e-01
    7.202148    7.384354e-01
    7.232666    7.596291e-01
    7.263184    7.811635e-01
    7.293701    8.030264e-01
    7.324219    8.252041e-01
    7.354736    8.476818e-01
    7.385254    8.704435e-01
    7.415771    8.934719e-01
    7.446289    9.167482e-01
    7.476807    9.402525e-01
    7.507324    9.639632e-01
    7.537842    9.878577e-01
    7.568359    1.011912e+00
    7.598877    1.036100e+00
    7.629395    1.060395e+00
    7.659912    1.084769e+00
    7.690430    1.109193e+00
    7.720947    1.133634e+00
    7.751465    1.158061e+00
    7.781982    1.182441e+00
    7.812500    1.206737e+00
    7.843018    1.230914e+00
    7.873535    1.254935e+00
    7.904053    1.278760e+00
    7.934570    1.302350e+00
    7.965088    1.325664e+00
    7.995605    1.348661e+00
    8.026123    1.371296e+00
    8.056641    1.393528e+00
    8.087158    1.415310e+00
    8.117676    1.436599e+00
    8.148193    1.457348e+00
    8.178711    1.477510e+00
    8.209229    1.497039e+00
    8.239746    1.515888e+00
    8.270264    1.534009e+00
    8.300781    1.551355e+00
    8.331299    1.567877e+00
    8.361816    1.583529e+00
    8.392334    1.598263e+00
    8.422852    1.612032e+00
    8.453369    1.624790e+00
    8.483887    1.636491e+00
    8.514404    1.647089e+00
    8.544922    1.656541e+00
    8.575439    1.664802e+00
    8.605957    1.671831e+00
    8.636475    1.677587e+00
    8.666992    1.682030e+00
    8.697510    1.685123e+00
    8.728027    1.686827e+00
    8.758545    1.687110e+00
    8.789062    1.685938e+00
    8.819580    1.683281e+00
    8.850098    1.679110e+00
    8.880615    1.673398e+00
    8.911133    1.666123e+00
    8.941650    1.657262e+00
    8.972168    1.646796e+00
    9.002686    1.634710e+00
    9.033203    1.620989e+00
    9.063721    1.605625e+00
    9.094238    1.588608e+00
    9.124756    1.569934e+00
    9.155273    1.549603e+00
    9.185791    1.527615e+00
    9.216309    1.503975e+00
    9.246826    1.478692e+00
    9.277344    1.451776e+00
    9.307861    1.423242e+00
    9.338379    1.393108e+00
    9.368896    1.361395e+00
    9.399414    1.328127e+00
    9.429932    1.293331e+00
    9.460449    1.257039e+00
    9.490967    1.219285e+00
    9.521484    1.180104e+00
    9.552002    1.139538e+00
    9.582520    1.097630e+00
    9.613037    1.054425e+00
    9.643555    1.009973e+00
    9.674072    9.643240e-01
    9.704590    9.175336e-01
    9.735107    8.696582e-01
    9.765625    8.207568e-01
    9.796143    7.708911e-01
    9.826660    7.201244e-01
    9.857178    6.685225e-01
    9.887695    6.161527e-01
    9.918213    5.630841e-01
    9.948730    5.093876e-01
    9.979248    4.551350e-01
   10.009766    4.003997e-01
   10.040283    3.452559e-01
   10.070801    2.897788e-01
   10.101318    2.340441e-01
   10.131836    1.781282e-01
   10.162354    1.221077e-01
   10.192871    6.605929e-02
   10.223389    1.005970e-02
   10.253906   -4.581464e-02
   10.284424   -1.014877e-01
   10.314941   -1.568841e-01
   10.345459   -2.119292e-01
   10.375977   -2.665492e-01
   10.406494   -3.206717e-01
   10.437012   -3.742254e-01
   10.467529   -4.271405e-01
   10.498047   -4.793488e-01
   10.528564   -5.307839e-01
   10.559082   -5.813813e-01
   10.589600   -6.310786e-01
   10.620117   -6.798156e-01
   10.650635   -7.275343e-01
   10.681152   -7.741793e-01
   10.711670   -8.196975e-01
   10.742188   -8.640388e-01
   10.772705   -9.071556e-01
   10.803223   -9.490031e-01
   10.833740   -9.895395e-01
   10.864258   -1.028726e+00
   10.894775   -1.066526e+00
   10.925293   -1.102908e+00
   10.955811   -1.137842e+00
   10.986328   -1.171301e+00
   11.016846   -1.203262e+00
   11.047363   -1.233704e+00
   11.077881   -1.262610e+00
   11.108398   -1.289967e+00
   11.138916   -1.315764e+00
   11.169434   -1.339993e+00
   11.199951   -1.362649e+00
   11.230469   -1.383731e+00
   11.260986   -1.403240e+00
   11.291504   -1.421180e+00
   11.322021   -1.437559e+00
   11.352539   -1.452386e+00
   11.383057   -1.465674e+00
   11.413574   -1.477438e+00
   11.444092   -1.487695e+00
   11.474609   -1.496467e+00
   11.505127   -1.503775e+00
   11.535645   -1.509643e+00
   11.566162   -1.514099e+00
   11.596680   -1.517171e+00
   11.627197   -1.518890e+00
   11.657715   -1.519288e+00
   11.688232   -1.518398e+00
   11.718750   -1.516256e+00
   11.749268   -1.512899e+00
   11.779785   -1.508365e+00
   11.810303   -1.502692e+00
   11.840820   -1.495922e+00
   11.871338   -1.488094e+00
   11.901855   -1.479250e+00
   11.932373   -1.469433e+00
   11.962891   -1.458685e+00
   11.993408   -1.447050e+00
   12.023926   -1.434570e+00
   12.054443   -1.421291e+00
   12.084961   -1.407254e+00
   12.115479   -1.392504e+00
   12.145996   -1.377084e+00
   12.176514   -1.361036e+00
   12.207031   -1.344405e+00
   12.237549   -1.327232e+00
   12.268066   -1.309559e+00
   12.298584   -1.291426e+00
   12.329102   -1.272876e+00
   12.359619   -1.253946e+00
   12.390137   -1.234677e+00
   12.420654   -1.215106e+00
   12.451172   -1.195270e+00
   12.481689   -1.175205e+00
   12.512207   -1.154947e+00
   12.542725   -1.134529e+00
   12.573242   -1.113984e+00
   12.603760   -1.093344e+00
   12.634277   -1.072639e+00
   12.664795   -1.051900e+00
   12.695312   -1.031153e+00
   12.725830   -1.010426e+00
   12.756348   -9.897451e-01
   12.786865   -9.691342e-01
   12.817383   -9.486167e-01
   12.847900   -9.282147e-01
   12.878418   -9.079489e-01
   12.908936   -8.878390e-01
   12.939453   -8.679033e-01
   12.969971   -8.481592e-01
   13.000488   -8.286226e-01
   13.031006   -8.093085e-01
   13.061523   -7.902307e-01
   13.092041   -7.714019e-01
   13.122559   -7.528336e-01
   13.153076   -7.345367e-01
   13.183594   -7.165205e-01
   13.214111   -6.987938e-01
   13.244629   -6.813642e-01
   13.275146   -6.642385e-01
   13.305664   -6.474226e-01
   13.336182   -6.309216e-01
   13.366699   -6.147396e-01
   13.397217   -5.988803e-01
   13.427734   -5.833462e-01
   13.458252   -5.681395e-01
   13.488770   -5.532616e-01
   13.519287   -5.387131e-01
   13.549805   -5.244944e-01
   13.580322   -5.106048e-01
   13.610840   -4.970437e-01
   13.641357   -4.838094e-01
   13.671875   -4.709002e-01
   13.702393   -4.583136e-01
   13.732910   -4.460471e-01
   13.763428   -4.340975e-01
   13.793945   -4.224613e-01
   13.824463   -4.111349e-01
   13.854980   -4.001143e-01
   13.885498   -3.893950e-01
   13.916016   -3.789726e-01
   13.946533   -3.688423e-01
   13.977051   -3.589992e-01
   14.007568   -3.494381e-01
   14.038086   -3.401539e-01
   14.068604   -3.311411e-01
   14.099121   -3.223942e-01
   14.129639   -3.139076e-01
   14.160156   -3.056757e-01
   14.190674   -2.976926e-01
   14.221191   -2.899526e-01
   14.251709   -2.824499e-01
   14.282227   -2.751786e-01
   14.312744   -2.681329e-01
   14.343262   -2.613069e-01
   14.373779   -2.546947e-01
   14.404297   -2.482907e-01
   14.434814   -2.420889e-01
   14.465332   -2.360837e-01
   14.495850   -2.302694e-01
   14.526367   -2.246403e-01
   14.556885   -2.191910e-01
   14.587402   -2.139158e-01
   14.617920   -2.088094e-01
   14.648438   -2.038665e-01
   14.678955   -1.990818e-01
   14.709473   -1.944503e-01
   14.739990   -1.899668e-01
   14.770508   -1.856264e-01
   14.801025   -1.814243e-01
   14.831543   -1.773558e-01
   14.862061   -1.734163e-01
   14.892578   -1.696012e-01
   14.923096   -1.659062e-01
   14.953613   -1.623270e-01
   14.984131   -1.588594e-01
   15.014648   -1.554996e-01
   15.045166   -1.522435e-01
   15.075684   -1.490873e-01
   15.106201   -1.460275e-01
   15.136719   -1.430604e-01
   15.167236   -1.401827e-01
   15.197754   -1.373911e-01
   15.228271   -1.346823e-01
   15.258789   -1.320534e-01
   15.289307   -1.295013e-01
   15.319824   -1.270233e-01
   15.350342   -1.246167e-01
   15.380859   -1.222787e-01
   15.411377   -1.200070e-01
   15.441895   -1.177992e-01
   15.472412   -1.156529e-01
   15.502930   -1.135660e-01
   15.533447   -1.115364e-01
   15.563965   -1.095621e-01
   15.594482   -1.076412e-01
   15.625000   -1.057718e-01
   15.655518   -1.039523e-01
   15.686035   -1.021809e-01
   15.716553   -1.004562e-01
   15.747070   -9.877648e-02
   15.777588   -9.714046e-02
   15.808105   -9.554672e-02
   15.838623   -9.399396e-02
   15.869141   -9.248090e-02
   15.899658   -9.100637e-02
   15.930176   -8.956921e-02
   15.960693   -8.816831e-02
   15.991211   -8.680263e-02
   16.021729   -8.547114e-02
   16.052246   -8.417286e-02
   16.082764   -8.290686e-02
   16.113281   -8.167221e-02
   16.143799   -8.046804e-02
   16.174316   -7.929348e-02
   16.204834   -7.814770e-02
   16.235352   -7.702989e-02
   16.265869   -7.593925e-02
   16.296387   -7.487502e-02
   16.326904   -7.383643e-02
   16.357422   -7.282275e-02
   16.387939   -7.183324e-02
   16.418457   -7.086718e-02
   16.448975   -6.992388e-02
   16.479492   -6.900265e-02
   16.510010   -6.810279e-02
   16.540527   -6.722364e-02
   16.571045   -6.636453e-02
   16.601562   -6.552483e-02
   16.632080   -6.470388e-02
   16.662598   -6.390106e-02
   16.693115   -6.311575e-02
   16.723633   -6.234735e-02
   16.754150   -6.159525e-02
   16.784668   -6.085888e-02
   16.815186   -6.013766e-02
   16.845703   -5.943105e-02
   16.876221   -5.873851e-02
   16.906738   -5.805950e-02
   16.937256   -5.739352e-02
   16.967773   -5.674009e-02
   16.998291   -5.609872e-02
   17.028809   -5.546896e-02
   17.059326   -5.485038e-02
   17.089844   -5.424256e-02
   17.120361   -5.364510e-02
   17.150879   -5.305763e-02
   17.181396   -5.247979e-02
   17.211914   -5.191126e-02
   17.242432   -5.135171e-02
   17.272949   -5.080087e-02
   17.303467   -5.025845e-02
   17.333984   -4.972421e-02
   17.364502   -4.919792e-02
   17.395020   -4.867938e-02
   17.425537   -4.816840e-02
   17.456055   -4.766480e-02
   17.486572   -4.716844e-02
   17.517090   -4.667919e-02
   17.547607   -4.619693e-02
   17.578125   -4.572156e-02
   17.608643   -4.525299e-02
   17.639160   -4.479116e-02
   17.669678   -4.433600e-02
   17.700195   -4.388746e-02
   17.730713   -4.344551e-02
   17.761230   -4.301011e-02
   17.791748   -4.258124e-02
   17.822266   -4.215887e-02
   17.852783   -4.174300e-02
   17.883301   -4.133361e-02
   17.913818   -4.093069e-02
   17.944336   -4.053423e-02
   17.974854   -4.014422e-02
   18.005371   -3.976064e-02
   18.035889   -3.938347e-02
   18.066406   -3.901270e-02
   18.096924   -3.864829e-02
   18.127441   -3.829022e-02
   18.157959   -3.793843e-02
   18.188477   -3.759289e-02
   18.218994   -3.725353e-02
   18.249512   -3.692028e-02
   18.280029   -3.659308e-02
   18.310547   -3.627183e-02
   18.341064   -3.595644e-02
   18.371582   -3.564681e-02
   18.402100   -3.534282e-02
   18.432617   -3.504436e-02
   18.463135   -3.475129e-02
   18.493652   -3.446346e-02
   18.524170   -3.418075e-02
   18.554688   -3.390298e-02
   18.585205   -3.362999e-02
   18.615723   -3.336163e-02
   18.646240   -3.309772e-02
   18.676758   -3.283809e-02
   18.707275   -3.258255e-02
   18.737793   -3.233092e-02
   18.768311   -3.208303e-02
   18.798828   -3.183869e-02
   18.829346   -3.159773e-02
   18.859863   -3.135996e-02
   18.890381   -3.112522e-02
   18.920898   -3.089333e-02
   18.951416   -3.066413e-02
   18.981934   -3.043746e-02
   19.012451   -3.021317e-02
   19.042969   -2.999111e-02
   19.073486   -2.977116e-02
   19.104004   -2.955319e-02
   19.134521   -2.933708e-02
   19.165039   -2.912273e-02
   19.195557   -2.891005e-02
   19.226074   -2.869896e-02
   19.256592   -2.848938e-02
   19.287109   -2.828127e-02
   19.317627   -2.807456e-02
   19.348145   -2.786924e-02
   19.378662   -2.766527e-02
   19.409180   -2.746264e-02
   19.439697   -2.726136e-02
   19.470215   -2.706143e-02
   19.500732   -2.686288e-02
   19.531250   -2.666573e-02
   19.561768   -2.647002e-02
   19.592285   -2.627580e-02
   19.622803   -2.608312e-02
   19.653320   -2.589203e-02
   19.683838   -2.570261e-02
   19.714355   -2.551493e-02
   19.744873   -2.532904e-02
   19.775391   -2.514504e-02
   19.805908   -2.496299e-02
   19.836426   -2.478296e-02
   19.866943   -2.460504e-02
   19.897461   -2.442930e-02
   19.927979   -2.425581e-02
   19.958496   -2.408463e-02
   19.989014   -2.391582e-02
   20.019531   -2.374945e-02
   20.050049   -2.358557e-02
   20.080566   -2.342421e-02
   20.111084   -2.326542e-02
   20.141602   -2.310921e-02
   20.172119   -2.295563e-02
   20.202637   -2.280466e-02
   20.233154   -2.265632e-02
   20.263672   -2.251060e-02
   20.294189   -2.236748e-02
   20.324707   -2.222693e-02
   20.355225   -2.208892e-02
   20.385742   -2.195341e-02
   20.416260   -2.182034e-02
   20.446777   -2.168964e-02
   20.477295   -2.156125e-02
   20.507812   -2.143508e-02
   20.538330   -2.131106e-02
   20.568848   -2.118909e-02
   20.599365   -2.106906e-02
   20.629883   -2.095089e-02
   20.660400   -2.083446e-02
   20.690918   -2.071965e-02
   20.721436   -2.060637e-02
   20.751953   -2.049449e-02
   20.782471   -2.038389e-02
   20.812988   -2.027447e-02
   20.843506   -2.016611e-02
   20.874023   -2.005869e-02
   20.904541   -1.995211e-02
   20.935059   -1.984627e-02
   20.965576   -1.974105e-02
   20.996094   -1.963637e-02
   21.026611   -1.953214e-02
   21.057129   -1.942828e-02
   21.087646   -1.932470e-02
   21.118164   -1.922134e-02
   21.148682   -1.911815e-02
   21.179199   -1.901507e-02
   21.209717   -1.891206e-02
   21.240234   -1.880909e-02
   21.270752   -1.870613e-02
   21.301270   -1.860318e-02
   21.331787   -1.850022e-02
   21.362305   -1.839726e-02
   21.392822   -1.829433e-02
   21.423340   -1.819143e-02
   21.453857   -1.808859e-02
   21.484375   -1.798587e-02
   21.514893   -1.788330e-02
   21.545410   -1.778094e-02
   21.575928   -1.767884e-02
   21.606445   -1.757707e-02
   21.636963   -1.747570e-02
   21.667480   -1.737481e-02
   21.697998   -1.727446e-02
   21.728516   -1.717474e-02
   21.759033   -1.707573e-02
   21.789551   -1.697751e-02
   21.820068   -1.688015e-02
   21.850586   -1.678375e-02
   21.881104   -1.668837e-02
   21.911621   -1.659409e-02
   21.942139   -1.650099e-02
   21.972656   -1.640913e-02
   22.003174   -1.631857e-02
   22.033691   -1.622937e-02
   22.064209   -1.614159e-02
   22.094727   -1.605526e-02
   22.125244   -1.597043e-02
   22.155762   -1.588712e-02
   22.186279   -1.580535e-02
   22.216797   -1.572515e-02
   22.247314   -1.564651e-02
   22.277832   -1.556943e-02
   22.308350   -1.549390e-02
   22.338867   -1.541991e-02
   22.369385   -1.534742e-02
   22.399902   -1.527641e-02
   22.430420   -1.520682e-02
   22.460938   -1.513861e-02
   22.491455   -1.507172e-02
   22.521973   -1.500608e-02
   22.552490   -1.494164e-02
   22.583008   -1.487831e-02
   22.613525   -1.481602e-02
   22.644043   -1.475468e-02
   22.674561   -1.469421e-02
   22.705078   -1.463451e-02
   22.735596   -1.457551e-02
   22.766113   -1.451711e-02
   22.796631   -1.445922e-02
   22.827148   -1.440175e-02
   22.857666   -1.434461e-02
   22.888184   -1.428772e-02
   22.918701   -1.423098e-02
   22.949219   -1.417434e-02
   22.979736   -1.411770e-02
   23.010254   -1.406100e-02
   23.040771   -1.400418e-02
   23.071289   -1.394717e-02
   23.101807   -1.388993e-02
   23.132324   -1.383241e-02
   23.162842   -1.377457e-02
   23.193359   -1.371638e-02
   23.223877   -1.365783e-02
   23.254395   -1.359889e-02
   23.284912   -1.353956e-02
   23.315430   -1.347985e-02
   23.345947   -1.341975e-02
   23.376465   -1.335929e-02
   23.406982   -1.329850e-02
   23.437500   -1.323740e-02
   23.468018   -1.317603e-02
   23.498535   -1.311444e-02
   23.529053   -1.305267e-02
   23.559570   -1.299079e-02
   23.590088   -1.292885e-02
   23.620605   -1.286692e-02
   23.651123   -1.280506e-02
   23.681641   -1.274335e-02
   23.712158   -1.268186e-02
   23.742676   -1.262067e-02
   23.773193   -1.255984e-02
   23.803711   -1.249945e-02
   23.834229   -1.243958e-02
   23.864746   -1.238030e-02
   23.895264   -1.232168e-02
   23.925781   -1.226379e-02
   23.956299   -1.220668e-02
   23.986816   -1.215042e-02
   24.017334   -1.209507e-02
   24.047852   -1.204067e-02
   24.078369   -1.198726e-02
   24.108887   -1.193489e-02
   24.139404   -1.188358e-02
   24.169922   -1.183336e-02
   24.200439   -1.178425e-02
   24.230957   -1.173625e-02
   24.261475   -1.168937e-02
   24.291992   -1.164360e-02
   24.322510   -1.159893e-02
   24.353027   -1.155535e-02
   24.383545   -1.151282e-02
   24.414062   -1.147132e-02
   24.444580   -1.143080e-02
   24.475098   -1.139122e-02
   24.505615   -1.135252e-02
   24.536133   -1.131466e-02
   24.566650   -1.127757e-02
   24.597168   -1.124119e-02
   24.627686   -1.120545e-02
   24.658203   -1.117027e-02
   24.688721   -1.113558e-02
   24.719238   -1.110132e-02
   24.749756   -1.106739e-02
   24.780273   -1.103373e-02
   24.810791   -1.100026e-02
   24.841309   -1.096691e-02
   24.871826   -1.093359e-02
   24.902344   -1.090025e-02
   24.932861   -1.086681e-02
   24.963379   -1.083321e-02
   24.993896   -1.079939e-02
   25.024414   -1.076529e-02
   25.054932   -1.073087e-02
   25.085449   -1.069608e-02
   25.115967   -1.066088e-02
   25.146484   -1.062524e-02
   25.177002   -1.058914e-02
   25.207520   -1.055255e-02
   25.238037   -1.051546e-02
   25.268555   -1.047787e-02
   25.299072   -1.043978e-02
   25.329590   -1.040120e-02
   25.360107   -1.036215e-02
   25.390625   -1.032264e-02
   25.421143   -1.028270e-02
   25.451660   -1.024238e-02
   25.482178   -1.020169e-02
   25.512695   -1.016071e-02
   25.543213   -1.011946e-02
   25.573730   -1.007801e-02
   25.604248   -1.003641e-02
   25.634766   -9.994733e-03
   25.665283   -9.953029e-03
   25.695801   -9.911369e-03
   25.726318   -9.869819e-03
   25.756836   -9.828446e-03
   25.787354   -9.787319e-03
   25.817871   -9.746504e-03
   25.848389   -9.706066e-03
   25.878906   -9.666070e-03
   25.909424   -9.626577e-03
   25.939941   -9.587646e-03
   25.970459   -9.549331e-03
   26.000977   -9.511683e-03
   26.031494   -9.474749e-03
   26.062012   -9.438569e-03
   26.092529   -9.403181e-03
   26.123047   -9.368613e-03
   26.153564   -9.334892e-03
   26.184082   -9.302034e-03
   26.214600   -9.270053e-03
   26.245117   -9.238953e-03
   26.275635   -9.208733e-03
   26.306152   -9.179387e-03
   26.336670   -9.150900e-03
   26.367188   -9.123253e-03
   26.397705   -9.096419e-03
   26.428223   -9.070367e-03
   26.458740   -9.045060e-03
   26.489258   -9.020455e-03
   26.519775   -8.996504e-03
   26.550293   -8.973158e-03
   26.580811   -8.950359e-03
   26.611328   -8.928050e-03
   26.641846   -8.906169e-03
   26.672363   -8.884653e-03
   26.702881   -8.863436e-03
   26.733398   -8.842453e-03
   26.763916   -8.821636e-03
   26.794434   -8.800919e-03
   26.824951   -8.780236e-03
   26.855469   -8.759523e-03
   26.885986   -8.738717e-03
   26.916504   -8.717758e-03
   26.947021   -8.696590e-03
   26.977539   -8.675159e-03
   27.008057   -8.653416e-03
   27.038574   -8.631316e-03
   27.069092   -8.608818e-03
   27.099609   -8.585887e-03
   27.130127   -8.562495e-03
   27.160645   -8.538616e-03
   27.191162   -8.514235e-03
   27.221680   -8.489337e-03
   27.252197   -8.463918e-03
   27.282715   -8.437978e-03
   27.313232   -8.411523e-03
   27.343750   -8.384566e-03
   27.374268   -8.357125e-03
   27.404785   -8.329224e-03
   27.435303   -8.300892e-03
   27.465820   -8.272164e-03
   27.496338   -8.243079e-03
   27.526855   -8.213681e-03
   27.557373   -8.184017e-03
   27.587891   -8.154138e-03
   27.618408   -8.124099e-03
   27.648926   -8.093955e-03
   27.679443   -8.063766e-03
   27.709961   -8.033591e-03
   27.740479   -8.003491e-03
   27.770996   -7.973527e-03
   27.801514   -7.943760e-03
   27.832031   -7.914249e-03
   27.862549   -7.885053e-03
   27.893066   -7.856229e-03
   27.923584   -7.827830e-03
   27.954102   -7.799907e-03
   27.984619   -7.772507e-03
   28.015137   -7.745675e-03
   28.045654   -7.719449e-03
   28.076172   -7.693864e-03
   28.106689   -7.668949e-03
   28.137207   -7.644730e-03
   28.167725   -7.621224e-03
   28.198242   -7.598447e-03
   28.228760   -7.576404e-03
   28.259277   -7.555098e-03
   28.289795   -7.534526e-03
   28.320312   -7.514677e-03
   28.350830   -7.495536e-03
   28.381348   -7.477083e-03
   28.411865   -7.459292e-03
   28.442383   -7.442131e-03
   28.472900   -7.425564e-03
   28.503418   -7.409553e-03
   28.533936   -7.394051e-03
   28.564453   -7.379012e-03
   28.594971   -7.364385e-03
   28.625488   -7.350115e-03
   28.656006   -7.336148e-03
   28.686523   -7.322425e-03
   28.717041   -7.308887e-03
   28.747559   -7.295476e-03
   28.778076   -7.282132e-03
   28.808594   -7.268796e-03
   28.839111   -7.255409e-03
   28.869629   -7.241917e-03
   28.900146   -7.228264e-03
   28.930664   -7.214398e-03
   28.961182   -7.200271e-03
   28.991699   -7.185836e-03
   29.022217   -7.171054e-03
   29.052734   -7.155885e-03
   29.083252   -7.140297e-03
   29.113770   -7.124262e-03
   29.144287   -7.107757e-03
   29.174805   -7.090764e-03
   29.205322   -7.073270e-03
   29.235840   -7.055269e-03
   29.266357   -7.036758e-03
   29.296875   -7.017742e-03
   29.327393   -6.998230e-03
   29.357910   -6.978237e-03
   29.388428   -6.957783e-03
   29.418945   -6.936892e-03
   29.449463   -6.915595e-03
   29.479980   -6.893924e-03
   29.510498   -6.871919e-03
   29.541016   -6.849620e-03
   29.571533   -6.827074e-03
   29.602051   -6.804328e-03
   29.632568   -6.781433e-03
   29.663086   -6.758441e-03
   29.693604   -6.735405e-03
   29.724121   -6.712382e-03
   29.754639   -6.689427e-03
   29.785156   -6.666593e-03
   29.815674   -6.643938e-03
   29.846191   -6.621513e-03
   29.876709   -6.599371e-03
   29.907227   -6.577562e-03
   29.937744   -6.556134e-03
   29.968262   -6.535130e-03
   29.998779   -6.514593e-03
   30.029297   -6.494560e-03
   30.059814   -6.475063e-03
   30.090332   -6.456133e-03
   30.120850   -6.437793e-03
   30.151367   -6.420064e-03
   30.181885   -6.402959e-03
   30.212402   -6.386488e-03
   30.242920   -6.370656e-03
   30.273438   -6.355461e-03
   30.303955   -6.340897e-03
   30.334473   -6.326953e-03
   30.364990   -6.313613e-03
   30.395508   -6.300854e-03
   30.426025   -6.288652e-03
   30.456543   -6.276976e-03
   30.487061   -6.265792e-03
   30.517578   -6.255061e-03
   30.548096   -6.244741e-03
   30.578613   -6.234788e-03
   30.609131   -6.225154e-03
   30.639648   -6.215791e-03
   30.670166   -6.206645e-03
   30.700684   -6.197665e-03
   30.731201   -6.188798e-03
   30.761719   -6.179990e-03
   30.792236   -6.171186e-03
   30.822754   -6.162336e-03
   30.853271   -6.153386e-03
   30.883789   -6.144286e-03
   30.914307   -6.134990e-03
   30.944824   -6.125451e-03
   30.975342   -6.115626e-03
   31.005859   -6.105478e-03
   31.036377   -6.094970e-03
   31.066895   -6.084070e-03
   31.097412   -6.072752e-03
   31.127930   -6.060992e-03
   31.158447   -6.048772e-03
   31.188965   -6.036079e-03
   31.219482   -6.022904e-03
   31.250000   -6.009244e-03
   31.280518   -5.995100e-03
   31.311035   -5.980479e-03
   31.341553   -5.965393e-03
   31.372070   -5.949856e-03
   31.402588   -5.933891e-03
   31.433105   -5.917522e-03
   31.463623   -5.900778e-03
   31.494141   -5.883694e-03
   31.524658   -5.866304e-03
   31.555176   -5.848651e-03
   31.585693   -5.830775e-03
   31.616211   -5.812722e-03
   31.646729   -5.794541e-03
   31.677246   -5.776278e-03
   31.707764   -5.757984e-03
   31.738281   -5.739710e-03
   31.768799   -5.721506e-03
   31.799316   -5.703422e-03
   31.829834   -5.685509e-03
   31.860352   -5.667813e-03
   31.890869   -5.650383e-03
   31.921387   -5.633262e-03
   31.951904   -5.616492e-03
   31.982422   -5.600113e-03
   32.012939   -5.584161e-03
   32.043457   -5.568668e-03
   32.073975   -5.553663e-03
   32.104492   -5.539170e-03
   32.135010   -5.525209e-03
   32.165527   -5.511796e-03
   32.196045   -5.498941e-03
   32.226562   -5.486652e-03
   32.257080   -5.474928e-03
   32.287598   -5.463769e-03
   32.318115   -5.453164e-03
   32.348633   -5.443102e-03
   32.379150   -5.433565e-03
   32.409668   -5.424532e-03
   32.440186   -5.415977e-03
   32.470703   -5.407871e-03
   32.501221   -5.400180e-03
   32.531738   -5.392868e-03
   32.562256   -5.385895e-03
   32.592773   -5.379219e-03
   32.623291   -5.372795e-03
   32.653809   -5.366579e-03
   32.684326   -5.360522e-03
   32.714844   -5.354575e-03
   32.745361   -5.348691e-03
   32.775879   -5.342819e-03
   32.806396   -5.336912e-03
   32.836914   -5.330922e-03
   32.867432   -5.324801e-03
   32.897949   -5.318506e-03
   32.928467   -5.311995e-03
   32.958984   -5.305225e-03
   32.989502   -5.298162e-03
   33.020020   -5.290769e-03
   33.050537   -5.283018e-03
   33.081055   -5.274880e-03
   33.111572   -5.266334e-03
   33.142090   -5.257360e-03
   33.172607   -5.247944e-03
   33.203125   -5.238076e-03
   33.233643   -5.227751e-03
   33.264160   -5.216968e-03
   33.294678   -5.205731e-03
   33.325195   -5.194048e-03
   33.355713   -5.181932e-03
   33.386230   -5.169401e-03
   33.416748   -5.156475e-03
   33.447266   -5.143179e-03
   33.477783   -5.129543e-03
   33.508301   -5.115598e-03
   33.538818   -5.101380e-03
   33.569336   -5.086927e-03
   33.599854   -5.072279e-03
   33.630371   -5.057480e-03
   33.660889   -5.042572e-03
   33.691406   -5.027602e-03
   33.721924   -5.012616e-03
   33.752441   -4.997660e-03
   33.782959   -4.982780e-03
   33.813477   -4.968024e-03
   33.843994   -4.953435e-03
   33.874512   -4.939057e-03
   33.905029   -4.924933e-03
   33.935547   -4.911103e-03
   33.966064   -4.897604e-03
   33.996582   -4.884470e-03
   34.027100   -4.871733e-03
   34.057617   -4.859421e-03
   34.088135   -4.847560e-03
   34.118652   -4.836168e-03
   34.149170   -4.825263e-03
   34.179688   -4.814858e-03
   34.210205   -4.804959e-03
   34.240723   -4.795571e-03
   34.271240   -4.786694e-03
   34.301758   -4.778321e-03
   34.332275   -4.770444e-03
   34.362793   -4.763049e-03
   34.393311   -4.756117e-03
   34.423828   -4.749629e-03
   34.454346   -4.743557e-03
   34.484863   -4.737873e-03
   34.515381   -4.732546e-03
   34.545898   -4.727540e-03
   34.576416   -4.722818e-03
   34.606934   -4.718339e-03
   34.637451   -4.714063e-03
   34.667969   -4.709946e-03
   34.698486   -4.705944e-03
   34.729004   -4.702013e-03
   34.759521   -4.698107e-03
   34.790039   -4.694181e-03
   34.820557   -4.690191e-03
   34.851074   -4.686093e-03
   34.881592   -4.681846e-03
   34.912109   -4.677410e-03
   34.942627   -4.672745e-03
   34.973145   -4.667817e-03
   35.003662   -4.662593e-03
   35.034180   -4.657042e-03
   35.064697   -4.651138e-03
   35.095215   -4.644859e-03
   35.125732   -4.638184e-03
   35.156250   -4.631100e-03
   35.186768   -4.623594e-03
   35.217285   -4.615659e-03
   35.247803   -4.607294e-03
   35.278320   -4.598498e-03
   35.308838   -4.589279e-03
   35.339355   -4.579645e-03
   35.369873   -4.569610e-03
   35.400391   -4.559192e-03
   35.430908   -4.548413e-03
   35.461426   -4.537297e-03
   35.491943   -4.525873e-03
   35.522461   -4.514171e-03
   35.552979   -4.502226e-03
   35.583496   -4.490075e-03
   35.614014   -4.477755e-03
   35.644531   -4.465306e-03
   35.675049   -4.452771e-03
   35.705566   -4.440191e-03
   35.736084   -4.427610e-03
   35.766602   -4.415070e-03
   35.797119   -4.402614e-03
   35.827637   -4.390286e-03
   35.858154   -4.378124e-03
   35.888672   -4.366171e-03
   35.919189   -4.354463e-03
   35.949707   -4.343036e-03
   35.980225   -4.331925e-03
   36.010742   -4.321160e-03
   36.041260   -4.310768e-03
   36.071777   -4.300774e-03
   36.102295   -4.291199e-03
   36.132812   -4.282060e-03
   36.163330   -4.273371e-03
   36.193848   -4.265142e-03
   36.224365   -4.257378e-03
   36.254883   -4.250080e-03
   36.285400   -4.243247e-03
   36.315918   -4.236871e-03
   36.346436   -4.230941e-03
   36.376953   -4.225445e-03
   36.407471   -4.220362e-03
   36.437988   -4.215672e-03
   36.468506   -4.211350e-03
   36.499023   -4.207368e-03
   36.529541   -4.203694e-03
   36.560059   -4.200295e-03
   36.590576   -4.197136e-03
   36.621094   -4.194178e-03
   36.651611   -4.191383e-03
   36.682129   -4.188710e-03
   36.712646   -4.186118e-03
   36.743164   -4.183565e-03
   36.773682   -4.181010e-03
   36.804199   -4.178411e-03
   36.834717   -4.175727e-03
   36.865234   -4.172919e-03
   36.895752   -4.169949e-03
   36.926270   -4.166780e-03
   36.956787   -4.163377e-03
   36.987305   -4.159710e-03
   37.017822   -4.155748e-03
   37.048340   -4.151465e-03
   37.078857   -4.146839e-03
   37.109375   -4.141850e-03
   37.139893   -4.136481e-03
   37.170410   -4.130720e-03
   37.200928   -4.124559e-03
   37.231445   -4.117993e-03
   37.261963   -4.111021e-03
   37.292480   -4.103647e-03
   37.322998   -4.095877e-03
   37.353516   -4.087722e-03
   37.384033   -4.079197e-03
   37.414551   -4.070319e-03
   37.445068   -4.061111e-03
   37.475586   -4.051597e-03
   37.506104   -4.041804e-03
   37.536621   -4.031763e-03
   37.567139   -4.021507e-03
   37.597656   -4.011069e-03
   37.628174   -4.000487e-03
   37.658691   -3.989798e-03
   37.689209   -3.979042e-03
   37.719727   -3.968258e-03
   37.750244   -3.957487e-03
   37.780762   -3.946767e-03
   37.811279   -3.936140e-03
   37.841797   -3.925644e-03
   37.872314   -3.915316e-03
   37.902832   -3.905193e-03
   37.933350   -3.895310e-03
   37.963867   -3.885698e-03
   37.994385   -3.876389e-03
   38.024902   -3.867409e-03
   38.055420   -3.858783e-03
   38.085938   -3.850533e-03
   38.116455   -3.842675e-03
   38.146973   -3.835226e-03
   38.177490   -3.828196e-03
   38.208008   -3.821592e-03
   38.238525   -3.815417e-03
   38.269043   -3.809672e-03
   38.299561   -3.804352e-03
   38.330078   -3.799449e-03
   38.360596   -3.794953e-03
   38.391113   -3.790848e-03
   38.421631   -3.787116e-03
   38.452148   -3.783735e-03
   38.482666   -3.780680e-03
   38.513184   -3.777925e-03
   38.543701   -3.775439e-03
   38.574219   -3.773191e-03
   38.604736   -3.771145e-03
   38.635254   -3.769267e-03
   38.665771   -3.767519e-03
   38.696289   -3.765863e-03
   38.726807   -3.764261e-03
   38.757324   -3.762673e-03
   38.787842   -3.761062e-03
   38.818359   -3.759388e-03
   38.848877   -3.757615e-03
   38.879395   -3.755705e-03
   38.909912   -3.753624e-03
   38.940430   -3.751339e-03
   38.970947   -3.748818e-03
   39.001465   -3.746034e-03
   39.031982   -3.742959e-03
   39.062500   -3.739572e-03
   39.093018   -3.735851e-03
   39.123535   -3.731780e-03
   39.154053   -3.727346e-03
   39.184570   -3.722538e-03
   39.215088   -3.717351e-03
   39.245605   -3.711781e-03
   39.276123   -3.705829e-03
   39.306641   -3.699500e-03
   39.337158   -3.692802e-03
   39.367676   -3.685748e-03
   39.398193   -3.678350e-03
   39.428711   -3.670630e-03
   39.459229   -3.662606e-03
   39.489746   -3.654305e-03
   39.520264   -3.645752e-03
   39.550781   -3.636977e-03
   39.581299   -3.628012e-03
   39.611816   -3.618889e-03
   39.642334   -3.609643e-03
   39.672852   -3.600311e-03
   39.703369   -3.590929e-03
   39.733887   -3.581534e-03
   39.764404   -3.572165e-03
   39.794922   -3.562857e-03
   39.825439   -3.553648e-03
   39.855957   -3.544574e-03
   39.886475   -3.535671e-03
   39.916992   -3.526970e-03
   39.947510   -3.518503e-03
   39.978027   -3.510300e-03
   40.008545   -3.502389e-03
   40.039062   -3.494793e-03
   40.069580   -3.487534e-03
   40.100098   -3.480630e-03
   40.130615   -3.474098e-03
   40.161133   -3.467950e-03
   40.191650   -3.462193e-03
   40.222168   -3.456834e-03
   40.252686   -3.451875e-03
   40.283203   -3.447312e-03
   40.313721   -3.443142e-03
   40.344238   -3.439355e-03
   40.374756   -3.435940e-03
   40.405273   -3.432880e-03
   40.435791   -3.430158e-03
   40.466309   -3.427751e-03
   40.496826   -3.425637e-03
   40.527344   -3.423787e-03
   40.557861   -3.422174e-03
   40.588379   -3.420765e-03
   40.618896   -3.419530e-03
   40.649414   -3.418433e-03
   40.679932   -3.417439e-03
   40.710449   -3.416514e-03
   40.740967   -3.415619e-03
   40.771484   -3.414720e-03
   40.802002   -3.413779e-03
   40.832520   -3.412762e-03
   40.863037   -3.411633e-03
   40.893555   -3.410359e-03
   40.924072   -3.408909e-03
   40.954590   -3.407251e-03
   40.985107   -3.405357e-03
   41.015625   -3.403203e-03
   41.046143   -3.400764e-03
   41.076660   -3.398021e-03
   41.107178   -3.394955e-03
   41.137695   -3.391553e-03
   41.168213   -3.387802e-03
   41.198730   -3.383696e-03
   41.229248   -3.379230e-03
   41.259766   -3.374402e-03
   41.290283   -3.369215e-03
   41.320801   -3.363675e-03
   41.351318   -3.357791e-03
   41.381836   -3.351575e-03
   41.412354   -3.345042e-03
   41.442871   -3.338212e-03
   41.473389   -3.331105e-03
   41.503906   -3.323745e-03
   41.534424   -3.316159e-03
   41.564941   -3.308375e-03
   41.595459   -3.300423e-03
   41.625977   -3.292334e-03
   41.656494   -3.284143e-03
   41.687012   -3.275882e-03
   41.717529   -3.267588e-03
   41.748047   -3.259295e-03
   41.778564   -3.251037e-03
   41.809082   -3.242851e-03
   41.839600   -3.234770e-03
   41.870117   -3.226828e-03
   41.900635   -3.219057e-03
   41.931152   -3.211487e-03
   41.961670   -3.204147e-03
   41.992188   -3.197063e-03
   42.022705   -3.190261e-03
   42.053223   -3.183762e-03
   42.083740   -3.177586e-03
   42.114258   -3.171748e-03
   42.144775   -3.166261e-03
   42.175293   -3.161137e-03
   42.205811   -3.156381e-03
   42.236328   -3.151998e-03
   42.266846   -3.147987e-03
   42.297363   -3.144346e-03
   42.327881   -3.141068e-03
   42.358398   -3.138144e-03
   42.388916   -3.135561e-03
   42.419434   -3.133302e-03
   42.449951   -3.131351e-03
   42.480469   -3.129684e-03
   42.510986   -3.128280e-03
   42.541504   -3.127111e-03
   42.572021   -3.126150e-03
   42.602539   -3.125366e-03
   42.633057   -3.124730e-03
   42.663574   -3.124207e-03
   42.694092   -3.123766e-03
   42.724609   -3.123372e-03
   42.755127   -3.122990e-03
   42.785645   -3.122587e-03
   42.816162   -3.122129e-03
   42.846680   -3.121583e-03
   42.877197   -3.120916e-03
   42.907715   -3.120098e-03
   42.938232   -3.119099e-03
   42.968750   -3.117891e-03
   42.999268   -3.116450e-03
   43.029785   -3.114751e-03
   43.060303   -3.112775e-03
   43.090820   -3.110502e-03
   43.121338   -3.107918e-03
   43.151855   -3.105010e-03
   43.182373   -3.101769e-03
   43.212891   -3.098189e-03
   43.243408   -3.094268e-03
   43.273926   -3.090005e-03
   43.304443   -3.085404e-03
   43.334961   -3.080471e-03
   43.365479   -3.075218e-03
   43.395996   -3.069656e-03
   43.426514   -3.063801e-03
   43.457031   -3.057672e-03
   43.487549   -3.051290e-03
   43.518066   -3.044679e-03
   43.548584   -3.037863e-03
   43.579102   -3.030870e-03
   43.609619   -3.023731e-03
   43.640137   -3.016474e-03
   43.670654   -3.009132e-03
   43.701172   -3.001737e-03
   43.731689   -2.994322e-03
   43.762207   -2.986920e-03
   43.792725   -2.979565e-03
   43.823242   -2.972289e-03
   43.853760   -2.965123e-03
   43.884277   -2.958100e-03
   43.914795   -2.951248e-03
   43.945312   -2.944595e-03
   43.975830   -2.938169e-03
   44.006348   -2.931993e-03
   44.036865   -2.926089e-03
   44.067383   -2.920478e-03
   44.097900   -2.915176e-03
   44.128418   -2.910196e-03
   44.158936   -2.905551e-03
   44.189453   -2.901249e-03
   44.219971   -2.897295e-03
   44.250488   -2.893691e-03
   44.281006   -2.890436e-03
   44.311523   -2.887526e-03
   44.342041   -2.884953e-03
   44.372559   -2.882707e-03
   44.403076   -2.880776e-03
   44.433594   -2.879143e-03
   44.464111   -2.877789e-03
   44.494629   -2.876694e-03
   44.525146   -2.875835e-03
   44.555664   -2.875185e-03
   44.586182   -2.874719e-03
   44.616699   -2.874406e-03
   44.647217   -2.874218e-03
   44.677734   -2.874123e-03
   44.708252   -2.874090e-03
   44.738770   -2.874086e-03
   44.769287   -2.874080e-03
   44.799805   -2.874038e-03
   44.830322   -2.873930e-03
   44.860840   -2.873724e-03
   44.891357   -2.873391e-03
   44.921875   -2.872901e-03
   44.952393   -2.872229e-03
   44.982910   -2.871347e-03
   45.013428   -2.870234e-03
   45.043945   -2.868868e-03
   45.074463   -2.867231e-03
   45.104980   -2.865306e-03
   45.135498   -2.863081e-03
   45.166016   -2.860545e-03
   45.196533   -2.857689e-03
   45.227051   -2.854511e-03
   45.257568   -2.851008e-03
   45.288086   -2.847183e-03
   45.318604   -2.843038e-03
   45.349121   -2.838584e-03
   45.379639   -2.833828e-03
   45.410156   -2.828786e-03
   45.440674   -2.823473e-03
   45.471191   -2.817907e-03
   45.501709   -2.812110e-03
   45.532227   -2.806104e-03
   45.562744   -2.799914e-03
   45.593262   -2.793568e-03
   45.623779   -2.787092e-03
   45.654297   -2.780517e-03
   45.684814   -2.773872e-03
   45.715332   -2.767189e-03
   45.745850   -2.760499e-03
   45.776367   -2.753833e-03
   45.806885   -2.747222e-03
   45.837402   -2.740697e-03
   45.867920   -2.734288e-03
   45.898438   -2.728023e-03
   45.928955   -2.721931e-03
   45.959473   -2.716036e-03
   45.989990   -2.710364e-03
   46.020508   -2.704937e-03
   46.051025   -2.699774e-03
   46.081543   -2.694892e-03
   46.112061   -2.690308e-03
   46.142578   -2.686033e-03
   46.173096   -2.682076e-03
   46.203613   -2.678446e-03
   46.234131   -2.675144e-03
   46.264648   -2.672172e-03
   46.295166   -2.669528e-03
   46.325684   -2.667207e-03
   46.356201   -2.665200e-03
   46.386719   -2.663498e-03
   46.417236   -2.662085e-03
   46.447754   -2.660947e-03
   46.478271   -2.660064e-03
   46.508789   -2.659416e-03
   46.539307   -2.658981e-03
   46.569824   -2.658732e-03
   46.600342   -2.658645e-03
   46.630859   -2.658691e-03
   46.661377   -2.658842e-03
   46.691895   -2.659068e-03
   46.722412   -2.659339e-03
   46.752930   -2.659624e-03
   46.783447   -2.659893e-03
   46.813965   -2.660115e-03
   46.844482   -2.660261e-03
   46.875000   -2.660302e-03
   46.905518   -2.660210e-03
   46.936035   -2.659958e-03
   46.966553   -2.659521e-03
   46.997070   -2.658877e-03
   47.027588   -2.658003e-03
   47.058105   -2.656882e-03
   47.088623   -2.655496e-03
   47.119141   -2.653831e-03
   47.149658   -2.651875e-03
   47.180176   -2.649621e-03
   47.210693   -2.647061e-03
   47.241211   -2.644194e-03
   47.271729   -2.641018e-03
   47.302246   -2.637536e-03
   47.332764   -2.633754e-03
   47.363281   -2.629681e-03
   47.393799   -2.625326e-03
   47.424316   -2.620704e-03
   47.454834   -2.615831e-03
   47.485352   -2.610726e-03
   47.515869   -2.605408e-03
   47.546387   -2.599901e-03
   47.576904   -2.594229e-03
   47.607422   -2.588418e-03
   47.637939   -2.582494e-03
   47.668457   -2.576487e-03
   47.698975   -2.570424e-03
   47.729492   -2.564336e-03
   47.760010   -2.558253e-03
   47.790527   -2.552203e-03
   47.821045   -2.546216e-03
   47.851562   -2.540322e-03
   47.882080   -2.534547e-03
   47.912598   -2.528920e-03
   47.943115   -2.523465e-03
   47.973633   -2.518206e-03
   48.004150   -2.513166e-03
   48.034668   -2.508365e-03
   48.065186   -2.503821e-03
   48.095703   -2.499550e-03
   48.126221   -2.495564e-03
   48.156738   -2.491875e-03
   48.187256   -2.488490e-03
   48.217773   -2.485415e-03
   48.248291   -2.482653e-03
   48.278809   -2.480202e-03
   48.309326   -2.478059e-03
   48.339844   -2.476219e-03
   48.370361   -2.474674e-03
   48.400879   -2.473410e-03
   48.431396   -2.472416e-03
   48.461914   -2.471674e-03
   48.492432   -2.471167e-03
   48.522949   -2.470873e-03
   48.553467   -2.470770e-03
   48.583984   -2.470835e-03
   48.614502   -2.471041e-03
   48.645020   -2.471363e-03
   48.675537   -2.471772e-03
   48.706055   -2.472239e-03
   48.736572   -2.472737e-03
   48.767090   -2.473236e-03
   48.797607   -2.473707e-03
   48.828125   -2.474122e-03
   48.858643   -2.474452e-03
   48.889160   -2.474671e-03
   48.919678   -2.474752e-03
   48.950195   -2.474671e-03
   48.980713   -2.474405e-03
   49.011230   -2.473932e-03
   49.041748   -2.473234e-03
   49.072266   -2.472292e-03
   49.102783   -2.471092e-03
   49.133301   -2.469622e-03
   49.163818   -2.467872e-03
   49.194336   -2.465834e-03
   49.224854   -2.463504e-03
   49.255371   -2.460879e-03
   49.285889   -2.457962e-03
   49.316406   -2.454755e-03
   49.346924   -2.451264e-03
   49.377441   -2.447500e-03
   49.407959   -2.443472e-03
   49.438477   -2.439195e-03
   49.468994   -2.434686e-03
   49.499512   -2.429962e-03
   49.530029   -2.425045e-03
   49.560547   -2.419955e-03
   49.591064   -2.414717e-03
   49.621582   -2.409356e-03
   49.652100   -2.403899e-03
   49.682617   -2.398371e-03
   49.713135   -2.392802e-03
   49.743652   -2.387219e-03
   49.774170   -2.381650e-03
   49.804688   -2.376124e-03
   49.835205   -2.370669e-03
   49.865723   -2.365311e-03
   49.896240   -2.360076e-03
   49.926758   -2.354991e-03
   49.957275   -2.350078e-03
   49.987793   -2.345360e-03
