    0.000000    6.944214e-03    4.013939e-02
    0.031250    7.001294e-03    4.040720e-02
    0.062500    7.059223e-03    4.067775e-02
    0.093750    7.118017e-03    4.095108e-02
    0.125000    7.177694e-03    4.122724e-02
    0.156250    7.238271e-03    4.150626e-02
    0.187500    7.299766e-03    4.178818e-02
    0.218750    7.362197e-03    4.207305e-02
    0.250000    7.425583e-03    4.236091e-02
    0.281250    7.489944e-03    4.265179e-02
    0.312500    7.555300e-03    4.294575e-02
    0.343750    7.621670e-03    4.324283e-02
    0.375000    7.689076e-03    4.354306e-02
    0.406250    7.757538e-03    4.384651e-02
    0.437500    7.827079e-03    4.415322e-02
    0.468750    7.897722e-03    4.446322e-02
    0.500000    7.969490e-03    4.477658e-02
    0.531250    8.042406e-03    4.509335e-02
    0.562500    8.116495e-03    4.541356e-02
    0.593750    8.191782e-03    4.573728e-02
    0.625000    8.268293e-03    4.606456e-02
    0.656250    8.346054e-03    4.639546e-02
    0.687500    8.425093e-03    4.673001e-02
    0.718750    8.505439e-03    4.706829e-02
    0.750000    8.587119e-03    4.741035e-02
    0.781250    8.670164e-03    4.775625e-02
    0.812500    8.754605e-03    4.810604e-02
    0.843750    8.840472e-03    4.845978e-02
    0.875000    8.927799e-03    4.881755e-02
    0.906250    9.016620e-03    4.917940e-02
    0.937500    9.106967e-03    4.954539e-02
    0.968750    9.198878e-03    4.991559e-02
    1.000000    9.292389e-03    5.029006e-02
    1.031250    9.387537e-03    5.066888e-02
    1.062500    9.484361e-03    5.105211e-02
    1.093750    9.582901e-03    5.143983e-02
    1.125000    9.683199e-03    5.183210e-02
    1.156250    9.785298e-03    5.222899e-02
    1.187500    9.889240e-03    5.263059e-02
    1.218750    9.995071e-03    5.303696e-02
    1.250000    1.010284e-02    5.344819e-02
    1.281250    1.021259e-02    5.386435e-02
    1.312500    1.032437e-02    5.428553e-02
    1.343750    1.043824e-02    5.471180e-02
    1.375000    1.055425e-02    5.514325e-02
    1.406250    1.067244e-02    5.557997e-02
    1.437500    1.079289e-02    5.602204e-02
    1.468750    1.091564e-02    5.646954e-02
    1.500000    1.104076e-02    5.692258e-02
    1.531250    1.116830e-02    5.738124e-02
    1.562500    1.129834e-02    5.784561e-02
    1.593750    1.143093e-02    5.831580e-02
    1.625000    1.156614e-02    5.879189e-02
    1.656250    1.170405e-02    5.927399e-02
    1.687500    1.184473e-02    5.976220e-02
    1.718750    1.198825e-02    6.025662e-02
    1.750000    1.213468e-02    6.075735e-02
    1.781250    1.228412e-02    6.126451e-02
    1.812500    1.243664e-02    6.177821e-02
    1.843750    1.259232e-02    6.229855e-02
    1.875000    1.275126e-02    6.282564e-02
    1.906250    1.291355e-02    6.335961e-02
    1.937500    1.307927e-02    6.390057e-02
    1.968750    1.324853e-02    6.444865e-02
    2.000000    1.342143e-02    6.500395e-02
    2.031250    1.359808e-02    6.556662e-02
    2.062500    1.377857e-02    6.613677e-02
    2.093750    1.396303e-02    6.671454e-02
    2.125000    1.415156e-02    6.730005e-02
    2.156250    1.434430e-02    6.789344e-02
    2.187500    1.454135e-02    6.849485e-02
    2.218750    1.474285e-02    6.910441e-02
    2.250000    1.494894e-02    6.972227e-02
    2.281250    1.515974e-02    7.034857e-02
    2.312500    1.537541e-02    7.098345e-02
    2.343750    1.559608e-02    7.162707e-02
    2.375000    1.582192e-02    7.227958e-02
    2.406250    1.605308e-02    7.294113e-02
    2.437500    1.628972e-02    7.361187e-02
    2.468750    1.653202e-02    7.429196e-02
    2.500000    1.678015e-02    7.498157e-02
    2.531250    1.703429e-02    7.568086e-02
    2.562500    1.729463e-02    7.638999e-02
    2.593750    1.756137e-02    7.710914e-02
    2.625000    1.783470e-02    7.783846e-02
    2.656250    1.811485e-02    7.857814e-02
    2.687500    1.840202e-02    7.932835e-02
    2.718750    1.869645e-02    8.008926e-02
    2.750000    1.899836e-02    8.086106e-02
    2.781250    1.930801e-02    8.164392e-02
    2.812500    1.962563e-02    8.243803e-02
    2.843750    1.995149e-02    8.324358e-02
    2.875000    2.028586e-02    8.406074e-02
    2.906250    2.062902e-02    8.488970e-02
    2.937500    2.098125e-02    8.573066e-02
    2.968750    2.134287e-02    8.658381e-02
    3.000000    2.171416e-02    8.744933e-02
    3.031250    2.209547e-02    8.832743e-02
    3.062500    2.248711e-02    8.921828e-02
    3.093750    2.288943e-02    9.012209e-02
    3.125000    2.330279e-02    9.103904e-02
    3.156250    2.372756e-02    9.196934e-02
    3.187500    2.416412e-02    9.291318e-02
    3.218750    2.461286e-02    9.387074e-02
    3.250000    2.507419e-02    9.484223e-02
    3.281250    2.554854e-02    9.582784e-02
    3.312500    2.603633e-02    9.682774e-02
    3.343750    2.653802e-02    9.784214e-02
    3.375000    2.705408e-02    9.887122e-02
    3.406250    2.758499e-02    9.991516e-02
    3.437500    2.813124e-02    1.009741e-01
    3.468750    2.869335e-02    1.020484e-01
    3.500000    2.927186e-02    1.031380e-01
    3.531250    2.986730e-02    1.042431e-01
    3.562500    3.048025e-02    1.053640e-01
    3.593750    3.111130e-02    1.065008e-01
    3.625000    3.176103e-02    1.076536e-01
    3.656250    3.243008e-02    1.088227e-01
    3.687500    3.311908e-02    1.100080e-01
    3.718750    3.382870e-02    1.112098e-01
    3.750000    3.455961e-02    1.124282e-01
    3.781250    3.531252e-02    1.136633e-01
    3.812500    3.608815e-02    1.149153e-01
    3.843750    3.688724e-02    1.161841e-01
    3.875000    3.771056e-02    1.174699e-01
    3.906250    3.855889e-02    1.187727e-01
    3.937500    3.943305e-02    1.200926e-01
    3.968750    4.033385e-02    1.214297e-01
    4.000000    4.126216e-02    1.227840e-01
    4.031250    4.221886e-02    1.241555e-01
    4.062500    4.320484e-02    1.255441e-01
    4.093750    4.422103e-02    1.269499e-01
    4.125000    4.526837e-02    1.283728e-01
    4.156250    4.634783e-02    1.298127e-01
    4.187500    4.746042e-02    1.312696e-01
    4.218750    4.860715e-02    1.327433e-01
    4.250000    4.978906e-02    1.342337e-01
    4.281250    5.100722e-02    1.357407e-01
    4.312500    5.226273e-02    1.372640e-01
    4.343750    5.355669e-02    1.388034e-01
    4.375000    5.489024e-02    1.403588e-01
    4.406250    5.626456e-02    1.419297e-01
    4.437500    5.768081e-02    1.435159e-01
    4.468750    5.914022e-02    1.451171e-01
    4.500000    6.064402e-02    1.467328e-01
    4.531250    6.219345e-02    1.483626e-01
    4.562500    6.378979e-02    1.500062e-01
    4.593750    6.543435e-02    1.516629e-01
    4.625000    6.712844e-02    1.533322e-01
    4.656250    6.887339e-02    1.550135e-01
    4.687500    7.067056e-02    1.567063e-01
    4.718750    7.252133e-02    1.584097e-01
    4.750000    7.442709e-02    1.601231e-01
    4.781250    7.638924e-02    1.618457e-01
    4.812500    7.840922e-02    1.635767e-01
    4.843750    8.048845e-02    1.653150e-01
    4.875000    8.262839e-02    1.670599e-01
    4.906250    8.483050e-02    1.688103e-01
    4.937500    8.709625e-02    1.705650e-01
    4.968750    8.942711e-02    1.723230e-01
    5.000000    9.182457e-02    1.740830e-01
    5.031250    9.429012e-02    1.758439e-01
    5.062500    9.682526e-02    1.776041e-01
    5.093750    9.943146e-02    1.793624e-01
    5.125000    1.021102e-01    1.811173e-01
    5.156250    1.048630e-01    1.828672e-01
    5.187500    1.076914e-01    1.846104e-01
    5.218750    1.105967e-01    1.863453e-01
    5.250000    1.135805e-01    1.880701e-01
    5.281250    1.166442e-01    1.897829e-01
    5.312500    1.197892e-01    1.914818e-01
    5.343750    1.230169e-01    1.931647e-01
    5.375000    1.263287e-01    1.948295e-01
    5.406250    1.297260e-01    1.964740e-01
    5.437500    1.332100e-01    1.980960e-01
    5.468750    1.367821e-01    1.996931e-01
    5.500000    1.404435e-01    2.012628e-01
    5.531250    1.441955e-01    2.028025e-01
    5.562500    1.480391e-01    2.043097e-01
    5.593750    1.519755e-01    2.057815e-01
    5.625000    1.560058e-01    2.072153e-01
    5.656250    1.601309e-01    2.086080e-01
    5.687500    1.643518e-01    2.099566e-01
    5.718750    1.686693e-01    2.112582e-01
    5.750000    1.730844e-01    2.125094e-01
    5.781250    1.775976e-01    2.137071e-01
    5.812500    1.822096e-01    2.148478e-01
    5.843750    1.869211e-01    2.159282e-01
    5.875000    1.917324e-01    2.169447e-01
    5.906250    1.966439e-01    2.178936e-01
    5.937500    2.016559e-01    2.187713e-01
    5.968750    2.067686e-01    2.195740e-01
    6.000000    2.119820e-01    2.202979e-01
    6.031250    2.172960e-01    2.209389e-01
    6.062500    2.227105e-01    2.214930e-01
    6.093750    2.282252e-01    2.219562e-01
    6.125000    2.338397e-01    2.223244e-01
    6.156250    2.395533e-01    2.225932e-01
    6.187500    2.453653e-01    2.227584e-01
    6.218750    2.512750e-01    2.228156e-01
    6.250000    2.572812e-01    2.227605e-01
    6.281250    2.633829e-01    2.225885e-01
    6.312500    2.695786e-01    2.222952e-01
    6.343750    2.758669e-01    2.218761e-01
    6.375000    2.822462e-01    2.213265e-01
    6.406250    2.887146e-01    2.206418e-01
    6.437500    2.952700e-01    2.198174e-01
    6.468750    3.019104e-01    2.188487e-01
    6.500000    3.086333e-01    2.177309e-01
    6.531250    3.154360e-01    2.164595e-01
    6.562500    3.223160e-01    2.150297e-01
    6.593750    3.292702e-01    2.134369e-01
    6.625000    3.362953e-01    2.116764e-01
    6.656250    3.433882e-01    2.097437e-01
    6.687500    3.505451e-01    2.076340e-01
    6.718750    3.577623e-01    2.053429e-01
    6.750000    3.650358e-01    2.028659e-01
    6.781250    3.723614e-01    2.001986e-01
    6.812500    3.797346e-01    1.973364e-01
    6.843750    3.871509e-01    1.942752e-01
    6.875000    3.946053e-01    1.910107e-01
    6.906250    4.020928e-01    1.875389e-01
    6.937500    4.096081e-01    1.838556e-01
    6.968750    4.171457e-01    1.799569e-01
    7.000000    4.246999e-01    1.758392e-01
    7.031250    4.322648e-01    1.714986e-01
    7.062500    4.398342e-01    1.669319e-01
    7.093750    4.474017e-01    1.621354e-01
    7.125000    4.549608e-01    1.571062e-01
    7.156250    4.625048e-01    1.518412e-01
    7.187500    4.700267e-01    1.463375e-01
    7.218750    4.775193e-01    1.405925e-01
    7.250000    4.849753e-01    1.346038e-01
    7.281250    4.923871e-01    1.283691e-01
    7.312500    4.997471e-01    1.218866e-01
    7.343750    5.070474e-01    1.151545e-01
    7.375000    5.142799e-01    1.081711e-01
    7.406250    5.214364e-01    1.009354e-01
    7.437500    5.285086e-01    9.344635e-02
    7.468750    5.354879e-01    8.570321e-02
    7.500000    5.423657e-01    7.770558e-02
    7.531250    5.491333e-01    6.945335e-02
    7.562500    5.557818e-01    6.094668e-02
    7.593750    5.623022e-01    5.218609e-02
    7.625000    5.686855e-01    4.317237e-02
    7.656250    5.749224e-01    3.390666e-02
    7.687500    5.810038e-01    2.439044e-02
    7.718750    5.869205e-01    1.462550e-02
    7.750000    5.926629e-01    4.614019e-03
    7.781250    5.982220e-01   -5.641504e-03
    7.812500    6.035881e-01   -1.613820e-02
    7.843750    6.087521e-01   -2.687284e-02
    7.875000    6.137044e-01   -3.784182e-02
    7.906250    6.184359e-01   -4.904118e-02
    7.937500    6.229371e-01   -6.046657e-02
    7.968750    6.271989e-01   -7.211329e-02
    8.000000    6.312120e-01   -8.397622e-02
    8.031250    6.349674e-01   -9.604991e-02
    8.062500    6.384562e-01   -1.083285e-01
    8.093750    6.416694e-01   -1.208058e-01
    8.125000    6.445984e-01   -1.334751e-01
    8.156250    6.472346e-01   -1.463295e-01
    8.187500    6.495695e-01   -1.593616e-01
    8.218750    6.515951e-01   -1.725637e-01
    8.250000    6.533032e-01   -1.859277e-01
    8.281250    6.546861e-01   -1.994451e-01
    8.312500    6.557362e-01   -2.131072e-01
    8.343750    6.564463e-01   -2.269048e-01
    8.375000    6.568092e-01   -2.408283e-01
    8.406250    6.568184e-01   -2.548680e-01
    8.437500    6.564672e-01   -2.690137e-01
    8.468750    6.557497e-01   -2.832549e-01
    8.500000    6.546600e-01   -2.975809e-01
    8.531250    6.531927e-01   -3.119805e-01
    8.562500    6.513426e-01   -3.264425e-01
    8.593750    6.491052e-01   -3.409551e-01
    8.625000    6.464760e-01   -3.555067e-01
    8.656250    6.434511e-01   -3.700849e-01
    8.687500    6.400271e-01   -3.846775e-01
    8.718750    6.362009e-01   -3.992719e-01
    8.750000    6.319698e-01   -4.138554e-01
    8.781250    6.273317e-01   -4.284151e-01
    8.812500    6.222849e-01   -4.429378e-01
    8.843750    6.168281e-01   -4.574104e-01
    8.875000    6.109605e-01   -4.718195e-01
    8.906250    6.046818e-01   -4.861516e-01
    8.937500    5.979923e-01   -5.003932e-01
    8.968750    5.908927e-01   -5.145306e-01
    9.000000    5.833842e-01   -5.285503e-01
    9.031250    5.754684e-01   -5.424385e-01
    9.062500    5.671477e-01   -5.561816e-01
    9.093750    5.584247e-01   -5.697659e-01
    9.125000    5.493029e-01   -5.831778e-01
    9.156250    5.397858e-01   -5.964037e-01
    9.187500    5.298779e-01   -6.094300e-01
    9.218750    5.195840e-01   -6.222435e-01
    9.250000    5.089093e-01   -6.348309e-01
    9.281250    4.978599e-01   -6.471790e-01
    9.312500    4.864419e-01   -6.592749e-01
    9.343750    4.746623e-01   -6.711059e-01
    9.375000    4.625283e-01   -6.826594e-01
    9.406250    4.500480e-01   -6.939230e-01
    9.437500    4.372295e-01   -7.048849e-01
    9.468750    4.240817e-01   -7.155331e-01
    9.500000    4.106138e-01   -7.258562e-01
    9.531250    3.968355e-01   -7.358430e-01
    9.562500    3.827570e-01   -7.454826e-01
    9.593750    3.683888e-01   -7.547647e-01
    9.625000    3.537419e-01   -7.636790e-01
    9.656250    3.388278e-01   -7.722158e-01
    9.687500    3.236580e-01   -7.803659e-01
    9.718750    3.082449e-01   -7.881203e-01
    9.750000    2.926007e-01   -7.954706e-01
    9.781250    2.767384e-01   -8.024087e-01
    9.812500    2.606711e-01   -8.089271e-01
    9.843750    2.444121e-01   -8.150188e-01
    9.875000    2.279752e-01   -8.206772e-01
    9.906250    2.113742e-01   -8.258962e-01
    9.937500    1.946234e-01   -8.306704e-01
    9.968750    1.777371e-01   -8.349945e-01
   10.000000    1.607298e-01   -8.388643e-01
   10.031250    1.436163e-01   -8.422758e-01
   10.062500    1.264116e-01   -8.452255e-01
   10.093750    1.091304e-01   -8.477106e-01
   10.125000    9.178806e-02   -8.497288e-01
   10.156250    7.439962e-02   -8.512784e-01
   10.187500    5.698032e-02   -8.523583e-01
   10.218750    3.954542e-02   -8.529679e-01
   10.250000    2.211016e-02   -8.531071e-01
   10.281250    4.689780e-03   -8.527766e-01
   10.312500   -1.270054e-02   -8.519773e-01
   10.343750   -3.004567e-02   -8.507111e-01
   10.375000   -4.733057e-02   -8.489801e-01
   10.406250   -6.454033e-02   -8.467871e-01
   10.437500   -8.166016e-02   -8.441354e-01
   10.468750   -9.867542e-02   -8.410290e-01
   10.500000   -1.155717e-01   -8.374722e-01
   10.531250   -1.323346e-01   -8.334700e-01
   10.562500   -1.489503e-01   -8.290278e-01
   10.593750   -1.654049e-01   -8.241516e-01
   10.625000   -1.816849e-01   -8.188478e-01
   10.656250   -1.977770e-01   -8.131233e-01
   10.687500   -2.136684e-01   -8.069856e-01
   10.718750   -2.293463e-01   -8.004424e-01
   10.750000   -2.447985e-01   -7.935021e-01
   10.781250   -2.600131e-01   -7.861733e-01
   10.812500   -2.749784e-01   -7.784652e-01
   10.843750   -2.896834e-01   -7.703873e-01
   10.875000   -3.041172e-01   -7.619494e-01
   10.906250   -3.182694e-01   -7.531617e-01
   10.937500   -3.321302e-01   -7.440348e-01
   10.968750   -3.456899e-01   -7.345796e-01
   11.000000   -3.589396e-01   -7.248071e-01
   11.031250   -3.718705e-01   -7.147290e-01
   11.062500   -3.844747e-01   -7.043568e-01
   11.093750   -3.967443e-01   -6.937026e-01
   11.125000   -4.086722e-01   -6.827783e-01
   11.156250   -4.202517e-01   -6.715964e-01
   11.187500   -4.314766e-01   -6.601695e-01
   11.218750   -4.423412e-01   -6.485100e-01
   11.250000   -4.528401e-01   -6.366309e-01
   11.281250   -4.629688e-01   -6.245451e-01
   11.312500   -4.727229e-01   -6.122655e-01
   11.343750   -4.820988e-01   -5.998052e-01
   11.375000   -4.910932e-01   -5.871773e-01
   11.406250   -4.997034e-01   -5.743949e-01
   11.437500   -5.079272e-01   -5.614711e-01
   11.468750   -5.157628e-01   -5.484191e-01
   11.500000   -5.232089e-01   -5.352520e-01
   11.531250   -5.302649e-01   -5.219828e-01
   11.562500   -5.369304e-01   -5.086245e-01
   11.593750   -5.432055e-01   -4.951898e-01
   11.625000   -5.490910e-01   -4.816916e-01
   11.656250   -5.545879e-01   -4.681425e-01
   11.687500   -5.596978e-01   -4.545550e-01
   11.718750   -5.644226e-01   -4.409414e-01
   11.750000   -5.687647e-01   -4.273137e-01
   11.781250   -5.727270e-01   -4.136841e-01
   11.812500   -5.763126e-01   -4.000642e-01
   11.843750   -5.795251e-01   -3.864656e-01
   11.875000   -5.823686e-01   -3.728994e-01
   11.906250   -5.848473e-01   -3.593769e-01
   11.937500   -5.869659e-01   -3.459086e-01
   11.968750   -5.887296e-01   -3.325052e-01
   12.000000   -5.901435e-01   -3.191769e-01
   12.031250   -5.912135e-01   -3.059335e-01
   12.062500   -5.919454e-01   -2.927848e-01
   12.093750   -5.923454e-01   -2.797400e-01
   12.125000   -5.924201e-01   -2.668081e-01
   12.156250   -5.921761e-01   -2.539978e-01
   12.187500   -5.916205e-01   -2.413175e-01
   12.218750   -5.907605e-01   -2.287752e-01
   12.250000   -5.896034e-01   -2.163785e-01
   12.281250   -5.881567e-01   -2.041348e-01
   12.312500   -5.864283e-01   -1.920510e-01
   12.343750   -5.844260e-01   -1.801338e-01
   12.375000   -5.821578e-01   -1.683894e-01
   12.406250   -5.796319e-01   -1.568239e-01
   12.437500   -5.768566e-01   -1.454427e-01
   12.468750   -5.738402e-01   -1.342510e-01
   12.500000   -5.705910e-01   -1.232538e-01
   12.531250   -5.671177e-01   -1.124556e-01
   12.562500   -5.634287e-01   -1.018605e-01
   12.593750   -5.595326e-01   -9.147230e-02
   12.625000   -5.554381e-01   -8.129458e-02
   12.656250   -5.511536e-01   -7.133044e-02
   12.687500   -5.466877e-01   -6.158269e-02
   12.718750   -5.420491e-01   -5.205381e-02
   12.750000   -5.372463e-01   -4.274597e-02
   12.781250   -5.322878e-01   -3.366100e-02
   12.812500   -5.271820e-01   -2.480043e-02
   12.843750   -5.219372e-01   -1.616548e-02
   12.875000   -5.165619e-01   -7.757089e-03
   12.906250   -5.110641e-01    4.241170e-04
   12.937500   -5.054520e-01    8.377783e-03
   12.968750   -4.997336e-01    1.610383e-02
   13.000000   -4.939168e-01    2.360246e-02
   13.031250   -4.880094e-01    3.087410e-02
   13.062500   -4.820189e-01    3.791947e-02
   13.093750   -4.759530e-01    4.473950e-02
   13.125000   -4.698188e-01    5.133536e-02
   13.156250   -4.636238e-01    5.770844e-02
   13.187500   -4.573748e-01    6.386036e-02
   13.218750   -4.510787e-01    6.979293e-02
   13.250000   -4.447424e-01    7.550816e-02
   13.281250   -4.383723e-01    8.100824e-02
   13.312500   -4.319747e-01    8.629554e-02
   13.343750   -4.255559e-01    9.137260e-02
   13.375000   -4.191219e-01    9.624211e-02
   13.406250   -4.126785e-01    1.009069e-01
   13.437500   -4.062313e-01    1.053700e-01
   13.468750   -3.997858e-01    1.096345e-01
   13.500000   -3.933471e-01    1.137035e-01
   13.531250   -3.869205e-01    1.175806e-01
   13.562500   -3.805106e-01    1.212690e-01
   13.593750   -3.741223e-01    1.247724e-01
   13.625000   -3.677599e-01    1.280943e-01
   13.656250   -3.614278e-01    1.312385e-01
   13.687500   -3.551301e-01    1.342088e-01
   13.718750   -3.488706e-01    1.370088e-01
   13.750000   -3.426531e-01    1.396426e-01
   13.781250   -3.364812e-01    1.421141e-01
   13.812500   -3.303581e-01    1.444272e-01
   13.843750   -3.242870e-01    1.465858e-01
   13.875000   -3.182709e-01    1.485941e-01
   13.906250   -3.123127e-01    1.504560e-01
   13.937500   -3.064149e-01    1.521756e-01
   13.968750   -3.005799e-01    1.537570e-01
   14.000000   -2.948102e-01    1.552040e-01
   14.031250   -2.891078e-01    1.565209e-01
   14.062500   -2.834747e-01    1.577116e-01
   14.093750   -2.779126e-01    1.587800e-01
   14.125000   -2.724233e-01    1.597302e-01
   14.156250   -2.670083e-01    1.605661e-01
   14.187500   -2.616688e-01    1.612917e-01
   14.218750   -2.564061e-01    1.619107e-01
   14.250000   -2.512214e-01    1.624270e-01
   14.281250   -2.461154e-01    1.628443e-01
   14.312500   -2.410892e-01    1.631665e-01
   14.343750   -2.361432e-01    1.633972e-01
   14.375000   -2.312782e-01    1.635400e-01
   14.406250   -2.264946e-01    1.635985e-01
   14.437500   -2.217927e-01    1.635762e-01
   14.468750   -2.171728e-01    1.634765e-01
   14.500000   -2.126350e-01    1.633027e-01
   14.531250   -2.081794e-01    1.630583e-01
   14.562500   -2.038058e-01    1.627464e-01
   14.593750   -1.995142e-01    1.623702e-01
   14.625000   -1.953044e-01    1.619328e-01
   14.656250   -1.911760e-01    1.614373e-01
   14.687500   -1.871287e-01    1.608864e-01
   14.718750   -1.831619e-01    1.602833e-01
   14.750000   -1.792753e-01    1.596305e-01
   14.781250   -1.754682e-01    1.589310e-01
   14.812500   -1.717399e-01    1.581872e-01
   14.843750   -1.680898e-01    1.574018e-01
   14.875000   -1.645171e-01    1.565773e-01
   14.906250   -1.610210e-01    1.557160e-01
   14.937500   -1.576006e-01    1.548204e-01
   14.968750   -1.542552e-01    1.538927e-01
   15.000000   -1.509837e-01    1.529350e-01
   15.031250   -1.477851e-01    1.519496e-01
   15.062500   -1.446586e-01    1.509384e-01
   15.093750   -1.416031e-01    1.499034e-01
   15.125000   -1.386174e-01    1.488465e-01
   15.156250   -1.357007e-01    1.477696e-01
   15.187500   -1.328516e-01    1.466744e-01
   15.218750   -1.300693e-01    1.455626e-01
   15.250000   -1.273524e-01    1.444358e-01
   15.281250   -1.247000e-01    1.432955e-01
   15.312500   -1.221107e-01    1.421434e-01
   15.343750   -1.195836e-01    1.409807e-01
   15.375000   -1.171173e-01    1.398089e-01
   15.406250   -1.147108e-01    1.386293e-01
   15.437500   -1.123629e-01    1.374431e-01
   15.468750   -1.100724e-01    1.362515e-01
   15.500000   -1.078381e-01    1.350556e-01
   15.531250   -1.056588e-01    1.338566e-01
   15.562500   -1.035334e-01    1.326553e-01
   15.593750   -1.014608e-01    1.314529e-01
   15.625000   -9.943969e-02    1.302503e-01
   15.656250   -9.746903e-02    1.290482e-01
   15.687500   -9.554766e-02    1.278475e-01
   15.718750   -9.367445e-02    1.266491e-01
   15.750000   -9.184829e-02    1.254536e-01
   15.781250   -9.006806e-02    1.242617e-01
   15.812500   -8.833268e-02    1.230741e-01
   15.843750   -8.664106e-02    1.218914e-01
   15.875000   -8.499215e-02    1.207142e-01
   15.906250   -8.338489e-02    1.195429e-01
   15.937500   -8.181826e-02    1.183782e-01
   15.968750   -8.029122e-02    1.172204e-01
   16.000000   -7.880279e-02    1.160700e-01
   16.031250   -7.735198e-02    1.149274e-01
   16.062500   -7.593781e-02    1.137930e-01
   16.093750   -7.455935e-02    1.126671e-01
   16.125000   -7.321565e-02    1.115500e-01
   16.156250   -7.190580e-02    1.104420e-01
   16.187500   -7.062892e-02    1.093434e-01
   16.218750   -6.938411e-02    1.082544e-01
   16.250000   -6.817052e-02    1.071752e-01
   16.281250   -6.698730e-02    1.061061e-01
   16.312500   -6.583364e-02    1.050471e-01
   16.343750   -6.470873e-02    1.039984e-01
   16.375000   -6.361178e-02    1.029602e-01
   16.406250   -6.254203e-02    1.019327e-01
   16.437500   -6.149871e-02    1.009157e-01
   16.468750   -6.048111e-02    9.990959e-02
   16.500000   -5.948850e-02    9.891428e-02
   16.531250   -5.852020e-02    9.792985e-02
   16.562500   -5.757551e-02    9.695634e-02
   16.593750   -5.665377e-02    9.599378e-02
   16.625000   -5.575435e-02    9.504219e-02
   16.656250   -5.487661e-02    9.410156e-02
   16.687500   -5.401995e-02    9.317190e-02
   16.718750   -5.318375e-02    9.225317e-02
   16.750000   -5.236745e-02    9.134537e-02
   16.781250   -5.157049e-02    9.044844e-02
   16.812500   -5.079230e-02    8.956235e-02
   16.843750   -5.003237e-02    8.868705e-02
   16.875000   -4.929017e-02    8.782248e-02
   16.906250   -4.856520e-02    8.696858e-02
   16.937500   -4.785696e-02    8.612527e-02
   16.968750   -4.716499e-02    8.529249e-02
   17.000000   -4.648883e-02    8.447014e-02
   17.031250   -4.582801e-02    8.365815e-02
   17.062500   -4.518212e-02    8.285643e-02
   17.093750   -4.455072e-02    8.206488e-02
   17.125000   -4.393342e-02    8.128342e-02
   17.156250   -4.332980e-02    8.051192e-02
   17.187500   -4.273949e-02    7.975031e-02
   17.218750   -4.216210e-02    7.899847e-02
   17.250000   -4.159729e-02    7.825629e-02
   17.281250   -4.104469e-02    7.752367e-02
   17.312500   -4.050397e-02    7.680049e-02
   17.343750   -3.997479e-02    7.608665e-02
   17.375000   -3.945684e-02    7.538203e-02
   17.406250   -3.894980e-02    7.468651e-02
   17.437500   -3.845338e-02    7.399999e-02
   17.468750   -3.796728e-02    7.332234e-02
   17.500000   -3.749121e-02    7.265346e-02
   17.531250   -3.702492e-02    7.199322e-02
   17.562500   -3.656812e-02    7.134151e-02
   17.593750   -3.612056e-02    7.069821e-02
   17.625000   -3.568200e-02    7.006321e-02
   17.656250   -3.525219e-02    6.943639e-02
   17.687500   -3.483089e-02    6.881764e-02
   17.718750   -3.441789e-02    6.820684e-02
   17.750000   -3.401297e-02    6.760388e-02
   17.781250   -3.361590e-02    6.700865e-02
   17.812500   -3.322648e-02    6.642103e-02
   17.843750   -3.284452e-02    6.584091e-02
   17.875000   -3.246982e-02    6.526818e-02
   17.906250   -3.210219e-02    6.470274e-02
   17.937500   -3.174145e-02    6.414446e-02
   17.968750   -3.138743e-02    6.359326e-02
   18.000000   -3.103995e-02    6.304902e-02
   18.031250   -3.069886e-02    6.251163e-02
   18.062500   -3.036398e-02    6.198099e-02
   18.093750   -3.003516e-02    6.145701e-02
   18.125000   -2.971226e-02    6.093957e-02
   18.156250   -2.939512e-02    6.042858e-02
   18.187500   -2.908361e-02    5.992394e-02
   18.218750   -2.877759e-02    5.942556e-02
   18.250000   -2.847692e-02    5.893333e-02
   18.281250   -2.818147e-02    5.844717e-02
   18.312500   -2.789113e-02    5.796698e-02
   18.343750   -2.760576e-02    5.749267e-02
   18.375000   -2.732525e-02    5.702414e-02
   18.406250   -2.704949e-02    5.656132e-02
   18.437500   -2.677836e-02    5.610410e-02
   18.468750   -2.651176e-02    5.565242e-02
   18.500000   -2.624957e-02    5.520617e-02
   18.531250   -2.599171e-02    5.476528e-02
   18.562500   -2.573807e-02    5.432967e-02
   18.593750   -2.548855e-02    5.389925e-02
   18.625000   -2.524306e-02    5.347395e-02
   18.656250   -2.500151e-02    5.305368e-02
   18.687500   -2.476381e-02    5.263837e-02
   18.718750   -2.452988e-02    5.222795e-02
   18.750000   -2.429963e-02    5.182234e-02
   18.781250   -2.407298e-02    5.142146e-02
   18.812500   -2.384986e-02    5.102525e-02
   18.843750   -2.363018e-02    5.063363e-02
   18.875000   -2.341387e-02    5.024654e-02
   18.906250   -2.320086e-02    4.986390e-02
   18.937500   -2.299108e-02    4.948565e-02
   18.968750   -2.278447e-02    4.911173e-02
   19.000000   -2.258094e-02    4.874205e-02
   19.031250   -2.238045e-02    4.837658e-02
   19.062500   -2.218292e-02    4.801523e-02
   19.093750   -2.198829e-02    4.765795e-02
   19.125000   -2.179651e-02    4.730468e-02
   19.156250   -2.160752e-02    4.695536e-02
   19.187500   -2.142126e-02    4.660992e-02
   19.218750   -2.123767e-02    4.626832e-02
   19.250000   -2.105670e-02    4.593049e-02
   19.281250   -2.087830e-02    4.559639e-02
   19.312500   -2.070242e-02    4.526594e-02
   19.343750   -2.052901e-02    4.493911e-02
   19.375000   -2.035801e-02    4.461583e-02
   19.406250   -2.018939e-02    4.429607e-02
   19.437500   -2.002310e-02    4.397975e-02
   19.468750   -1.985909e-02    4.366684e-02
   19.500000   -1.969732e-02    4.335729e-02
   19.531250   -1.953774e-02    4.305104e-02
   19.562500   -1.938032e-02    4.274805e-02
   19.593750   -1.922501e-02    4.244828e-02
   19.625000   -1.907177e-02    4.215167e-02
   19.656250   -1.892058e-02    4.185818e-02
   19.687500   -1.877138e-02    4.156777e-02
   19.718750   -1.862414e-02    4.128040e-02
   19.750000   -1.847884e-02    4.099602e-02
   19.781250   -1.833542e-02    4.071458e-02
   19.812500   -1.819386e-02    4.043606e-02
   19.843750   -1.805413e-02    4.016040e-02
   19.875000   -1.791619e-02    3.988757e-02
   19.906250   -1.778001e-02    3.961752e-02
   19.937500   -1.764556e-02    3.935023e-02
   19.968750   -1.751281e-02    3.908565e-02
   20.000000   -1.738173e-02    3.882375e-02
   20.031250   -1.725230e-02    3.856449e-02
   20.062500   -1.712447e-02    3.830783e-02
   20.093750   -1.699824e-02    3.805374e-02
   20.125000   -1.687356e-02    3.780218e-02
   20.156250   -1.675041e-02    3.755312e-02
   20.187500   -1.662877e-02    3.730653e-02
   20.218750   -1.650861e-02    3.706237e-02
   20.250000   -1.638991e-02    3.682062e-02
   20.281250   -1.627264e-02    3.658123e-02
   20.312500   -1.615678e-02    3.634419e-02
   20.343750   -1.604231e-02    3.610945e-02
   20.375000   -1.592920e-02    3.587700e-02
   20.406250   -1.581743e-02    3.564679e-02
   20.437500   -1.570697e-02    3.541880e-02
   20.468750   -1.559782e-02    3.519301e-02
   20.500000   -1.548994e-02    3.496937e-02
   20.531250   -1.538331e-02    3.474788e-02
   20.562500   -1.527792e-02    3.452849e-02
   20.593750   -1.517375e-02    3.431118e-02
   20.625000   -1.507077e-02    3.409593e-02
   20.656250   -1.496897e-02    3.388271e-02
   20.687500   -1.486833e-02    3.367149e-02
   20.718750   -1.476883e-02    3.346226e-02
   20.750000   -1.467045e-02    3.325497e-02
   20.781250   -1.457317e-02    3.304962e-02
   20.812500   -1.447698e-02    3.284617e-02
   20.843750   -1.438186e-02    3.264460e-02
   20.875000   -1.428779e-02    3.244489e-02
   20.906250   -1.419476e-02    3.224702e-02
   20.937500   -1.410276e-02    3.205096e-02
   20.968750   -1.401175e-02    3.185669e-02
   21.000000   -1.392174e-02    3.166419e-02
   21.031250   -1.383270e-02    3.147343e-02
   21.062500   -1.374462e-02    3.128440e-02
   21.093750   -1.365749e-02    3.109708e-02
   21.125000   -1.357129e-02    3.091144e-02
   21.156250   -1.348600e-02    3.072746e-02
   21.187500   -1.340162e-02    3.054512e-02
   21.218750   -1.331813e-02    3.036441e-02
   21.250000   -1.323551e-02    3.018530e-02
   21.281250   -1.315376e-02    3.000777e-02
   21.312500   -1.307287e-02    2.983181e-02
   21.343750   -1.299281e-02    2.965739e-02
   21.375000   -1.291358e-02    2.948450e-02
   21.406250   -1.283516e-02    2.931312e-02
   21.437500   -1.275755e-02    2.914323e-02
   21.468750   -1.268073e-02    2.897482e-02
   21.500000   -1.260469e-02    2.880786e-02
   21.531250   -1.252942e-02    2.864234e-02
   21.562500   -1.245491e-02    2.847824e-02
   21.593750   -1.238115e-02    2.831555e-02
   21.625000   -1.230813e-02    2.815425e-02
   21.656250   -1.223584e-02    2.799431e-02
   21.687500   -1.216427e-02    2.783574e-02
   21.718750   -1.209341e-02    2.767851e-02
   21.750000   -1.202324e-02    2.752260e-02
   21.781250   -1.195377e-02    2.736800e-02
   21.812500   -1.188498e-02    2.721470e-02
   21.843750   -1.181686e-02    2.706268e-02
   21.875000   -1.174940e-02    2.691193e-02
   21.906250   -1.168260e-02    2.676243e-02
   21.937500   -1.161644e-02    2.661416e-02
   21.968750   -1.155093e-02    2.646713e-02
   22.000000   -1.148604e-02    2.632130e-02
   22.031250   -1.142177e-02    2.617667e-02
   22.062500   -1.135812e-02    2.603322e-02
   22.093750   -1.129507e-02    2.589095e-02
   22.125000   -1.123262e-02    2.574983e-02
   22.156250   -1.117077e-02    2.560986e-02
   22.187500   -1.110949e-02    2.547102e-02
   22.218750   -1.104879e-02    2.533331e-02
   22.250000   -1.098866e-02    2.519671e-02
   22.281250   -1.092909e-02    2.506120e-02
   22.312500   -1.087007e-02    2.492678e-02
   22.343750   -1.081160e-02    2.479343e-02
   22.375000   -1.075367e-02    2.466115e-02
   22.406250   -1.069627e-02    2.452992e-02
   22.437500   -1.063940e-02    2.439973e-02
   22.468750   -1.058305e-02    2.427057e-02
   22.500000   -1.052721e-02    2.414243e-02
   22.531250   -1.047187e-02    2.401530e-02
   22.562500   -1.041704e-02    2.388917e-02
   22.593750   -1.036271e-02    2.376402e-02
   22.625000   -1.030886e-02    2.363986e-02
   22.656250   -1.025549e-02    2.351666e-02
   22.687500   -1.020259e-02    2.339442e-02
   22.718750   -1.015017e-02    2.327312e-02
   22.750000   -1.009821e-02    2.315277e-02
   22.781250   -1.004671e-02    2.303335e-02
   22.812500   -9.995654e-03    2.291484e-02
   22.843750   -9.945049e-03    2.279724e-02
   22.875000   -9.894885e-03    2.268055e-02
   22.906250   -9.845155e-03    2.256474e-02
   22.937500   -9.795855e-03    2.244982e-02
   22.968750   -9.746980e-03    2.233577e-02
   23.000000   -9.698523e-03    2.222258e-02
   23.031250   -9.650481e-03    2.211025e-02
   23.062500   -9.602847e-03    2.199877e-02
   23.093750   -9.555616e-03    2.188812e-02
   23.125000   -9.508785e-03    2.177831e-02
   23.156250   -9.462347e-03    2.166931e-02
   23.187500   -9.416299e-03    2.156113e-02
   23.218750   -9.370635e-03    2.145375e-02
   23.250000   -9.325352e-03    2.134716e-02
   23.281250   -9.280443e-03    2.124137e-02
   23.312500   -9.235906e-03    2.113635e-02
   23.343750   -9.191736e-03    2.103211e-02
   23.375000   -9.147928e-03    2.092863e-02
   23.406250   -9.104479e-03    2.082590e-02
   23.437500   -9.061384e-03    2.072393e-02
   23.468750   -9.018639e-03    2.062269e-02
   23.500000   -8.976241e-03    2.052219e-02
   23.531250   -8.934186e-03    2.042242e-02
   23.562500   -8.892469e-03    2.032336e-02
   23.593750   -8.851088e-03    2.022502e-02
   23.625000   -8.810038e-03    2.012738e-02
   23.656250   -8.769317e-03    2.003044e-02
   23.687500   -8.728920e-03    1.993419e-02
   23.718750   -8.688844e-03    1.983863e-02
   23.750000   -8.649086e-03    1.974374e-02
   23.781250   -8.609642e-03    1.964952e-02
   23.812500   -8.570510e-03    1.955597e-02
   23.843750   -8.531685e-03    1.946308e-02
   23.875000   -8.493166e-03    1.937084e-02
   23.906250   -8.454948e-03    1.927925e-02
   23.937500   -8.417029e-03    1.918829e-02
   23.968750   -8.379406e-03    1.909797e-02
   24.000000   -8.342076e-03    1.900828e-02
   24.031250   -8.305035e-03    1.891921e-02
   24.062500   -8.268281e-03    1.883075e-02
   24.093750   -8.231811e-03    1.874291e-02
   24.125000   -8.195623e-03    1.865567e-02
   24.156250   -8.159712e-03    1.856903e-02
   24.187500   -8.124077e-03    1.848299e-02
   24.218750   -8.088715e-03    1.839754e-02
   24.250000   -8.053623e-03    1.831267e-02
   24.281250   -8.018797e-03    1.822838e-02
   24.312500   -7.984236e-03    1.814466e-02
   24.343750   -7.949937e-03    1.806151e-02
   24.375000   -7.915897e-03    1.797893e-02
   24.406250   -7.882113e-03    1.789690e-02
   24.437500   -7.848582e-03    1.781543e-02
   24.468750   -7.815303e-03    1.773451e-02
   24.500000   -7.782272e-03    1.765413e-02
   24.531250   -7.749486e-03    1.757429e-02
   24.562500   -7.716944e-03    1.749499e-02
   24.593750   -7.684642e-03    1.741621e-02
   24.625000   -7.652577e-03    1.733797e-02
   24.656250   -7.620749e-03    1.726024e-02
   24.687500   -7.589153e-03    1.718303e-02
   24.718750   -7.557787e-03    1.710633e-02
   24.750000   -7.526649e-03    1.703015e-02
   24.781250   -7.495736e-03    1.695446e-02
   24.812500   -7.465046e-03    1.687927e-02
   24.843750   -7.434576e-03    1.680458e-02
   24.875000   -7.404325e-03    1.673038e-02
   24.906250   -7.374289e-03    1.665666e-02
   24.937500   -7.344466e-03    1.658343e-02
   24.968750   -7.314854e-03    1.651067e-02
   25.000000   -7.285451e-03    1.643839e-02
   25.031250   -7.256255e-03    1.636658e-02
   25.062500   -7.227263e-03    1.629523e-02
   25.093750   -7.198473e-03    1.622434e-02
   25.125000   -7.169883e-03    1.615391e-02
   25.156250   -7.141491e-03    1.608393e-02
   25.187500   -7.113295e-03    1.601440e-02
   25.218750   -7.085292e-03    1.594531e-02
   25.250000   -7.057482e-03    1.587667e-02
   25.281250   -7.029862e-03    1.580846e-02
   25.312500   -7.002429e-03    1.574069e-02
   25.343750   -6.975184e-03    1.567334e-02
   25.375000   -6.948122e-03    1.560642e-02
   25.406250   -6.921244e-03    1.553992e-02
   25.437500   -6.894546e-03    1.547384e-02
   25.468750   -6.868028e-03    1.540817e-02
   25.500000   -6.841688e-03    1.534291e-02
   25.531250   -6.815523e-03    1.527806e-02
   25.562500   -6.789534e-03    1.521361e-02
   25.593750   -6.763717e-03    1.514956e-02
   25.625000   -6.738072e-03    1.508591e-02
   25.656250   -6.712598e-03    1.502264e-02
   25.687500   -6.687291e-03    1.495977e-02
   25.718750   -6.662153e-03    1.489729e-02
   25.750000   -6.637180e-03    1.483518e-02
   25.781250   -6.612371e-03    1.477346e-02
   25.812500   -6.587726e-03    1.471211e-02
   25.843750   -6.563243e-03    1.465114e-02
   25.875000   -6.538921e-03    1.459054e-02
   25.906250   -6.514758e-03    1.453030e-02
   25.937500   -6.490753e-03    1.447043e-02
   25.968750   -6.466905e-03    1.441092e-02
   26.000000   -6.443212e-03    1.435176e-02
   26.031250   -6.419674e-03    1.429297e-02
   26.062500   -6.396289e-03    1.423452e-02
   26.093750   -6.373055e-03    1.417643e-02
   26.125000   -6.349973e-03    1.411868e-02
   26.156250   -6.327040e-03    1.406128e-02
   26.187500   -6.304255e-03    1.400422e-02
   26.218750   -6.281617e-03    1.394750e-02
   26.250000   -6.259125e-03    1.389111e-02
   26.281250   -6.236777e-03    1.383506e-02
   26.312500   -6.214573e-03    1.377935e-02
   26.343750   -6.192511e-03    1.372396e-02
   26.375000   -6.170589e-03    1.366890e-02
   26.406250   -6.148807e-03    1.361416e-02
   26.437500   -6.127164e-03    1.355975e-02
   26.468750   -6.105657e-03    1.350566e-02
   26.500000   -6.084286e-03    1.345188e-02
   26.531250   -6.063050e-03    1.339842e-02
   26.562500   -6.041947e-03    1.334528e-02
   26.593750   -6.020976e-03    1.329244e-02
   26.625000   -6.000135e-03    1.323991e-02
   26.656250   -5.979424e-03    1.318769e-02
   26.687500   -5.958842e-03    1.313577e-02
   26.718750   -5.938386e-03    1.308416e-02
   26.750000   -5.918056e-03    1.303284e-02
   26.781250   -5.897850e-03    1.298182e-02
   26.812500   -5.877767e-03    1.293109e-02
   26.843750   -5.857807e-03    1.288066e-02
   26.875000   -5.837967e-03    1.283052e-02
   26.906250   -5.818246e-03    1.278067e-02
   26.937500   -5.798644e-03    1.273110e-02
   26.968750   -5.779160e-03    1.268182e-02
   27.000000   -5.759791e-03    1.263281e-02
   27.031250   -5.740537e-03    1.258409e-02
   27.062500   -5.721397e-03    1.253565e-02
   27.093750   -5.702369e-03    1.248747e-02
   27.125000   -5.683454e-03    1.243958e-02
   27.156250   -5.664648e-03    1.239195e-02
   27.187500   -5.645953e-03    1.234459e-02
   27.218750   -5.627366e-03    1.229749e-02
   27.250000   -5.608886e-03    1.225066e-02
   27.281250   -5.590513e-03    1.220410e-02
   27.312500   -5.572246e-03    1.215779e-02
   27.343750   -5.554084e-03    1.211174e-02
   27.375000   -5.536026e-03    1.206594e-02
   27.406250   -5.518070e-03    1.202040e-02
   27.437500   -5.500218e-03    1.197511e-02
   27.468750   -5.482467e-03    1.193007e-02
   27.500000   -5.464816e-03    1.188528e-02
   27.531250   -5.447266e-03    1.184073e-02
   27.562500   -5.429815e-03    1.179642e-02
   27.593750   -5.412463e-03    1.175236e-02
   27.625000   -5.395209e-03    1.170854e-02
   27.656250   -5.378052e-03    1.166495e-02
   27.687500   -5.360992e-03    1.162160e-02
   27.718750   -5.344028e-03    1.157848e-02
   27.750000   -5.327159e-03    1.153560e-02
   27.781250   -5.310386e-03    1.149295e-02
   27.812500   -5.293706e-03    1.145052e-02
   27.843750   -5.277121e-03    1.140833e-02
   27.875000   -5.260628e-03    1.136636e-02
   27.906250   -5.244229e-03    1.132461e-02
   27.937500   -5.227921e-03    1.128308e-02
   27.968750   -5.211705e-03    1.124178e-02
   28.000000   -5.195580e-03    1.120069e-02
   28.031250   -5.179545e-03    1.115983e-02
   28.062500   -5.163600e-03    1.111918e-02
   28.093750   -5.147744e-03    1.107874e-02
   28.125000   -5.131977e-03    1.103852e-02
   28.156250   -5.116298e-03    1.099851e-02
   28.187500   -5.100706e-03    1.095871e-02
   28.218750   -5.085202e-03    1.091912e-02
   28.250000   -5.069783e-03    1.087974e-02
   28.281250   -5.054451e-03    1.084057e-02
   28.312500   -5.039203e-03    1.080160e-02
   28.343750   -5.024040e-03    1.076284e-02
   28.375000   -5.008961e-03    1.072428e-02
   28.406250   -4.993965e-03    1.068592e-02
   28.437500   -4.979051e-03    1.064776e-02
   28.468750   -4.964219e-03    1.060980e-02
   28.500000   -4.949469e-03    1.057204e-02
   28.531250   -4.934798e-03    1.053447e-02
   28.562500   -4.920208e-03    1.049711e-02
   28.593750   -4.905696e-03    1.045993e-02
   28.625000   -4.891263e-03    1.042295e-02
   28.656250   -4.876907e-03    1.038616e-02
   28.687500   -4.862628e-03    1.034956e-02
   28.718750   -4.848425e-03    1.031315e-02
   28.750000   -4.834298e-03    1.027693e-02
   28.781250   -4.820245e-03    1.024090e-02
   28.812500   -4.806267e-03    1.020505e-02
   28.843750   -4.792361e-03    1.016939e-02
   28.875000   -4.778528e-03    1.013391e-02
   28.906250   -4.764768e-03    1.009861e-02
   28.937500   -4.751078e-03    1.006349e-02
   28.968750   -4.737458e-03    1.002856e-02
   29.000000   -4.723909e-03    9.993797e-03
   29.031250   -4.710429e-03    9.959214e-03
   29.062500   -4.697017e-03    9.924806e-03
   29.093750   -4.683673e-03    9.890574e-03
   29.125000   -4.670397e-03    9.856514e-03
   29.156250   -4.657187e-03    9.822625e-03
   29.187500   -4.644043e-03    9.788908e-03
   29.218750   -4.630965e-03    9.755359e-03
   29.250000   -4.617953e-03    9.721978e-03
   29.281250   -4.605004e-03    9.688764e-03
   29.312500   -4.592120e-03    9.655715e-03
   29.343750   -4.579299e-03    9.622831e-03
   29.375000   -4.566542e-03    9.590109e-03
   29.406250   -4.553847e-03    9.557548e-03
   29.437500   -4.541215e-03    9.525149e-03
   29.468750   -4.528644e-03    9.492908e-03
   29.500000   -4.516135e-03    9.460825e-03
   29.531250   -4.503687e-03    9.428899e-03
   29.562500   -4.491300e-03    9.397129e-03
   29.593750   -4.478974e-03    9.365513e-03
   29.625000   -4.466708e-03    9.334050e-03
   29.656250   -4.454501e-03    9.302740e-03
   29.687500   -4.442355e-03    9.271581e-03
   29.718750   -4.430268e-03    9.240572e-03
   29.750000   -4.418239e-03    9.209712e-03
   29.781250   -4.406270e-03    9.179001e-03
   29.812500   -4.394359e-03    9.148436e-03
   29.843750   -4.382507e-03    9.118018e-03
   29.875000   -4.370713e-03    9.087745e-03
   29.906250   -4.358976e-03    9.057616e-03
   29.937500   -4.347297e-03    9.027631e-03
   29.968750   -4.335676e-03    8.997788e-03
   30.000000   -4.324111e-03    8.968087e-03
   30.031250   -4.312604e-03    8.938527e-03
   30.062500   -4.301153e-03    8.909107e-03
   30.093750   -4.289758e-03    8.879826e-03
   30.125000   -4.278419e-03    8.850684e-03
   30.156250   -4.267136e-03    8.821680e-03
   30.187500   -4.255909e-03    8.792812e-03
   30.218750   -4.244736e-03    8.764081e-03
   30.250000   -4.233619e-03    8.735486e-03
   30.281250   -4.222556e-03    8.707025e-03
   30.312500   -4.211547e-03    8.678699e-03
   30.343750   -4.200591e-03    8.650506e-03
   30.375000   -4.189690e-03    8.622445e-03
   30.406250   -4.178841e-03    8.594517e-03
   30.437500   -4.168045e-03    8.566721e-03
   30.468750   -4.157301e-03    8.539055e-03
   30.500000   -4.146609e-03    8.511519e-03
   30.531250   -4.135968e-03    8.484113e-03
   30.562500   -4.125379e-03    8.456835e-03
   30.593750   -4.114840e-03    8.429686e-03
   30.625000   -4.104351e-03    8.402663e-03
   30.656250   -4.093911e-03    8.375768e-03
   30.687500   -4.083521e-03    8.348998e-03
   30.718750   -4.073180e-03    8.322354e-03
   30.750000   -4.062886e-03    8.295834e-03
   30.781250   -4.052641e-03    8.269438e-03
   30.812500   -4.042443e-03    8.243164e-03
   30.843750   -4.032292e-03    8.217014e-03
   30.875000   -4.022187e-03    8.190984e-03
   30.906250   -4.012128e-03    8.165076e-03
   30.937500   -4.002114e-03    8.139287e-03
   30.968750   -3.992146e-03    8.113618e-03
   31.000000   -3.982222e-03    8.088067e-03
   31.031250   -3.972343e-03    8.062634e-03
   31.062500   -3.962507e-03    8.037317e-03
   31.093750   -3.952715e-03    8.012117e-03
   31.125000   -3.942966e-03    7.987031e-03
   31.156250   -3.933260e-03    7.962061e-03
   31.187500   -3.923596e-03    7.937203e-03
   31.218750   -3.913974e-03    7.912459e-03
   31.250000   -3.904393e-03    7.887826e-03
   31.281250   -3.894854e-03    7.863304e-03
   31.312500   -3.885356e-03    7.838893e-03
   31.343750   -3.875899e-03    7.814591e-03
   31.375000   -3.866483e-03    7.790398e-03
   31.406250   -3.857107e-03    7.766313e-03
   31.437500   -3.847771e-03    7.742335e-03
   31.468750   -3.838475e-03    7.718463e-03
   31.500000   -3.829219e-03    7.694696e-03
   31.531250   -3.820002e-03    7.671035e-03
   31.562500   -3.810825e-03    7.647478e-03
   31.593750   -3.801687e-03    7.624024e-03
   31.625000   -3.792588e-03    7.600672e-03
   31.656250   -3.783528e-03    7.577423e-03
   31.687500   -3.774507e-03    7.554275e-03
   31.718750   -3.765525e-03    7.531227e-03
   31.750000   -3.756582e-03    7.508280e-03
   31.781250   -3.747677e-03    7.485431e-03
   31.812500   -3.738810e-03    7.462682e-03
   31.843750   -3.729982e-03    7.440031e-03
   31.875000   -3.721193e-03    7.417477e-03
   31.906250   -3.712441e-03    7.395021e-03
   31.937500   -3.703728e-03    7.372661e-03
   31.968750   -3.695052e-03    7.350397e-03
   32.000000   -3.686415e-03    7.328228e-03
   32.031250   -3.677815e-03    7.306155e-03
   32.062500   -3.669253e-03    7.284176e-03
   32.093750   -3.660729e-03    7.262292e-03
   32.125000   -3.652241e-03    7.240501e-03
   32.156250   -3.643792e-03    7.218804e-03
   32.187500   -3.635379e-03    7.197199e-03
   32.218750   -3.627003e-03    7.175687e-03
   32.250000   -3.618665e-03    7.154267e-03
   32.281250   -3.610362e-03    7.132938e-03
   32.312500   -3.602096e-03    7.111701e-03
   32.343750   -3.593867e-03    7.090555e-03
   32.375000   -3.585673e-03    7.069500e-03
   32.406250   -3.577515e-03    7.048534e-03
   32.437500   -3.569392e-03    7.027659e-03
   32.468750   -3.561305e-03    7.006873e-03
   32.500000   -3.553252e-03    6.986176e-03
   32.531250   -3.545234e-03    6.965567e-03
   32.562500   -3.537251e-03    6.945047e-03
   32.593750   -3.529301e-03    6.924615e-03
   32.625000   -3.521386e-03    6.904270e-03
   32.656250   -3.513503e-03    6.884012e-03
   32.687500   -3.505654e-03    6.863841e-03
   32.718750   -3.497838e-03    6.843756e-03
   32.750000   -3.490054e-03    6.823757e-03
   32.781250   -3.482302e-03    6.803843e-03
   32.812500   -3.474582e-03    6.784014e-03
   32.843750   -3.466894e-03    6.764270e-03
   32.875000   -3.459236e-03    6.744609e-03
   32.906250   -3.451610e-03    6.725032e-03
   32.937500   -3.444014e-03    6.705538e-03
   32.968750   -3.436448e-03    6.686126e-03
   33.000000   -3.428912e-03    6.666796e-03
   33.031250   -3.421406e-03    6.647547e-03
   33.062500   -3.413929e-03    6.628379e-03
   33.093750   -3.406482e-03    6.609292e-03
   33.125000   -3.399063e-03    6.590284e-03
   33.156250   -3.391673e-03    6.571355e-03
   33.187500   -3.384311e-03    6.552505e-03
   33.218750   -3.376977e-03    6.533733e-03
   33.250000   -3.369671e-03    6.515039e-03
   33.281250   -3.362393e-03    6.496421e-03
   33.312500   -3.355142e-03    6.477880e-03
   33.343750   -3.347919e-03    6.459415e-03
   33.375000   -3.340724e-03    6.441025e-03
   33.406250   -3.333555e-03    6.422710e-03
   33.437500   -3.326413e-03    6.404469e-03
   33.468750   -3.319298e-03    6.386301e-03
   33.500000   -3.312210e-03    6.368207e-03
   33.531250   -3.305149e-03    6.350186e-03
   33.562500   -3.298115e-03    6.332237e-03
   33.593750   -3.291107e-03    6.314359e-03
   33.625000   -3.284126e-03    6.296552e-03
   33.656250   -3.277171e-03    6.278817e-03
   33.687500   -3.270243e-03    6.261151e-03
   33.718750   -3.263341e-03    6.243556e-03
   33.750000   -3.256466e-03    6.226030e-03
   33.781250   -3.249617e-03    6.208573e-03
   33.812500   -3.242794e-03    6.191184e-03
   33.843750   -3.235998e-03    6.173864e-03
   33.875000   -3.229229e-03    6.156612e-03
   33.906250   -3.222486e-03    6.139428e-03
   33.937500   -3.215769e-03    6.122310e-03
   33.968750   -3.209078e-03    6.105260e-03
   34.000000   -3.202414e-03    6.088277e-03
   34.031250   -3.195776e-03    6.071359e-03
   34.062500   -3.189165e-03    6.054508e-03
   34.093750   -3.182579e-03    6.037723e-03
   34.125000   -3.176020e-03    6.021004e-03
   34.156250   -3.169487e-03    6.004350e-03
   34.187500   -3.162980e-03    5.987761e-03
   34.218750   -3.156499e-03    5.971237e-03
   34.250000   -3.150043e-03    5.954777e-03
   34.281250   -3.143613e-03    5.938382e-03
   34.312500   -3.137209e-03    5.922052e-03
   34.343750   -3.130830e-03    5.905786e-03
   34.375000   -3.124477e-03    5.889583e-03
   34.406250   -3.118149e-03    5.873444e-03
   34.437500   -3.111845e-03    5.857369e-03
   34.468750   -3.105567e-03    5.841357e-03
   34.500000   -3.099313e-03    5.825408e-03
   34.531250   -3.093083e-03    5.809522e-03
   34.562500   -3.086877e-03    5.793699e-03
   34.593750   -3.080696e-03    5.777938e-03
   34.625000   -3.074538e-03    5.762239e-03
   34.656250   -3.068404e-03    5.746602e-03
   34.687500   -3.062292e-03    5.731026e-03
   34.718750   -3.056204e-03    5.715512e-03
   34.750000   -3.050139e-03    5.700059e-03
   34.781250   -3.044096e-03    5.684667e-03
   34.812500   -3.038075e-03    5.669336e-03
   34.843750   -3.032076e-03    5.654065e-03
   34.875000   -3.026100e-03    5.638853e-03
   34.906250   -3.020144e-03    5.623701e-03
   34.937500   -3.014210e-03    5.608608e-03
   34.968750   -3.008297e-03    5.593575e-03
   35.000000   -3.002405e-03    5.578599e-03
   35.031250   -2.996533e-03    5.563682e-03
   35.062500   -2.990682e-03    5.548823e-03
   35.093750   -2.984851e-03    5.534021e-03
   35.125000   -2.979040e-03    5.519276e-03
   35.156250   -2.973249e-03    5.504587e-03
   35.187500   -2.967478e-03    5.489955e-03
   35.218750   -2.961726e-03    5.475379e-03
   35.250000   -2.955994e-03    5.460858e-03
   35.281250   -2.950280e-03    5.446391e-03
   35.312500   -2.944586e-03    5.431980e-03
   35.343750   -2.938911e-03    5.417623e-03
   35.375000   -2.933256e-03    5.403319e-03
   35.406250   -2.927618e-03    5.389069e-03
   35.437500   -2.922000e-03    5.374872e-03
   35.468750   -2.916401e-03    5.360728e-03
   35.500000   -2.910820e-03    5.346636e-03
   35.531250   -2.905258e-03    5.332595e-03
   35.562500   -2.899715e-03    5.318606e-03
   35.593750   -2.894191e-03    5.304669e-03
   35.625000   -2.888685e-03    5.290782e-03
   35.656250   -2.883198e-03    5.276946e-03
   35.687500   -2.877729e-03    5.263160e-03
   35.718750   -2.872280e-03    5.249424e-03
   35.750000   -2.866849e-03    5.235738e-03
   35.781250   -2.861437e-03    5.222101e-03
   35.812500   -2.856044e-03    5.208513e-03
   35.843750   -2.850670e-03    5.194974e-03
   35.875000   -2.845314e-03    5.181484e-03
   35.906250   -2.839978e-03    5.168042e-03
   35.937500   -2.834660e-03    5.154649e-03
   35.968750   -2.829362e-03    5.141303e-03
   36.000000   -2.824082e-03    5.128005e-03
   36.031250   -2.818822e-03    5.114755e-03
   36.062500   -2.813580e-03    5.101553e-03
   36.093750   -2.808357e-03    5.088398e-03
   36.125000   -2.803154e-03    5.075291e-03
   36.156250   -2.797969e-03    5.062230e-03
   36.187500   -2.792803e-03    5.049217e-03
   36.218750   -2.787656e-03    5.036250e-03
   36.250000   -2.782528e-03    5.023330e-03
   36.281250   -2.777419e-03    5.010457e-03
   36.312500   -2.772328e-03    4.997631e-03
   36.343750   -2.767256e-03    4.984851e-03
   36.375000   -2.762202e-03    4.972117e-03
   36.406250   -2.757166e-03    4.959430e-03
   36.437500   -2.752149e-03    4.946789e-03
   36.468750   -2.747150e-03    4.934194e-03
   36.500000   -2.742169e-03    4.921645e-03
   36.531250   -2.737205e-03    4.909142e-03
   36.562500   -2.732259e-03    4.896684e-03
   36.593750   -2.727331e-03    4.884272e-03
   36.625000   -2.722419e-03    4.871906e-03
   36.656250   -2.717525e-03    4.859585e-03
   36.687500   -2.712648e-03    4.847309e-03
   36.718750   -2.707787e-03    4.835078e-03
   36.750000   -2.702943e-03    4.822891e-03
   36.781250   -2.698116e-03    4.810750e-03
   36.812500   -2.693304e-03    4.798652e-03
   36.843750   -2.688508e-03    4.786599e-03
   36.875000   -2.683728e-03    4.774590e-03
   36.906250   -2.678963e-03    4.762624e-03
   36.937500   -2.674214e-03    4.750702e-03
   36.968750   -2.669480e-03    4.738824e-03
   37.000000   -2.664761e-03    4.726988e-03
   37.031250   -2.660057e-03    4.715195e-03
   37.062500   -2.655367e-03    4.703444e-03
   37.093750   -2.650692e-03    4.691736e-03
   37.125000   -2.646031e-03    4.680069e-03
   37.156250   -2.641384e-03    4.668444e-03
   37.187500   -2.636751e-03    4.656860e-03
   37.218750   -2.632133e-03    4.645317e-03
   37.250000   -2.627528e-03    4.633815e-03
   37.281250   -2.622937e-03    4.622353e-03
   37.312500   -2.618360e-03    4.610931e-03
   37.343750   -2.613796e-03    4.599549e-03
   37.375000   -2.609246e-03    4.588206e-03
   37.406250   -2.604710e-03    4.576902e-03
   37.437500   -2.600187e-03    4.565638e-03
   37.468750   -2.595677e-03    4.554411e-03
   37.500000   -2.591181e-03    4.543223e-03
   37.531250   -2.586699e-03    4.532074e-03
   37.562500   -2.582230e-03    4.520961e-03
   37.593750   -2.577775e-03    4.509887e-03
   37.625000   -2.573333e-03    4.498849e-03
   37.656250   -2.568905e-03    4.487849e-03
   37.687500   -2.564490e-03    4.476885e-03
   37.718750   -2.560090e-03    4.465958e-03
   37.750000   -2.555703e-03    4.455067e-03
   37.781250   -2.551329e-03    4.444213e-03
   37.812500   -2.546970e-03    4.433394e-03
   37.843750   -2.542624e-03    4.422612e-03
   37.875000   -2.538293e-03    4.411865e-03
   37.906250   -2.533975e-03    4.401153e-03
   37.937500   -2.529672e-03    4.390477e-03
   37.968750   -2.525382e-03    4.379836e-03
   38.000000   -2.521107e-03    4.369231e-03
   38.031250   -2.516846e-03    4.358661e-03
   38.062500   -2.512599e-03    4.348125e-03
   38.093750   -2.508366e-03    4.337625e-03
   38.125000   -2.504147e-03    4.327159e-03
   38.156250   -2.499943e-03    4.316729e-03
   38.187500   -2.495752e-03    4.306333e-03
   38.218750   -2.491576e-03    4.295972e-03
   38.250000   -2.487414e-03    4.285645e-03
   38.281250   -2.483266e-03    4.275353e-03
   38.312500   -2.479133e-03    4.265096e-03
   38.343750   -2.475013e-03    4.254873e-03
   38.375000   -2.470907e-03    4.244685e-03
   38.406250   -2.466814e-03    4.234532e-03
   38.437500   -2.462736e-03    4.224412e-03
   38.468750   -2.458671e-03    4.214327e-03
   38.500000   -2.454620e-03    4.204277e-03
   38.531250   -2.450582e-03    4.194260e-03
   38.562500   -2.446557e-03    4.184278e-03
   38.593750   -2.442545e-03    4.174330e-03
   38.625000   -2.438546e-03    4.164416e-03
   38.656250   -2.434560e-03    4.154536e-03
   38.687500   -2.430587e-03    4.144690e-03
   38.718750   -2.426626e-03    4.134878e-03
   38.750000   -2.422678e-03    4.125099e-03
   38.781250   -2.418741e-03    4.115353e-03
   38.812500   -2.414817e-03    4.105641e-03
   38.843750   -2.410904e-03    4.095963e-03
   38.875000   -2.407003e-03    4.086317e-03
   38.906250   -2.403114e-03    4.076704e-03
   38.937500   -2.399235e-03    4.067124e-03
   38.968750   -2.395368e-03    4.057576e-03
   39.000000   -2.391512e-03    4.048061e-03
   39.031250   -2.387667e-03    4.038578e-03
   39.062500   -2.383833e-03    4.029127e-03
   39.093750   -2.380009e-03    4.019707e-03
   39.125000   -2.376196e-03    4.010319e-03
   39.156250   -2.372394e-03    4.000962e-03
   39.187500   -2.368601e-03    3.991636e-03
   39.218750   -2.364819e-03    3.982341e-03
   39.250000   -2.361047e-03    3.973076e-03
   39.281250   -2.357285e-03    3.963842e-03
   39.312500   -2.353533e-03    3.954637e-03
   39.343750   -2.349791e-03    3.945463e-03
   39.375000   -2.346060e-03    3.936318e-03
   39.406250   -2.342338e-03    3.927202e-03
   39.437500   -2.338626e-03    3.918116e-03
   39.468750   -2.334924e-03    3.909058e-03
   39.500000   -2.331232e-03    3.900029e-03
   39.531250   -2.327550e-03    3.891028e-03
   39.562500   -2.323878e-03    3.882056e-03
   39.593750   -2.320216e-03    3.873111e-03
   39.625000   -2.316564e-03    3.864195e-03
   39.656250   -2.312922e-03    3.855306e-03
   39.687500   -2.309290e-03    3.846445e-03
   39.718750   -2.305669e-03    3.837611e-03
   39.750000   -2.302058e-03    3.828804e-03
   39.781250   -2.298458e-03    3.820024e-03
   39.812500   -2.294867e-03    3.811271e-03
   39.843750   -2.291288e-03    3.802545e-03
   39.875000   -2.287719e-03    3.793846e-03
   39.906250   -2.284160e-03    3.785173e-03
   39.937500   -2.280613e-03    3.776527e-03
   39.968750   -2.277076e-03    3.767907e-03
   40.000000   -2.273549e-03    3.759314e-03
   40.031250   -2.270034e-03    3.750747e-03
   40.062500   -2.266529e-03    3.742207e-03
   40.093750   -2.263036e-03    3.733693e-03
   40.125000   -2.259553e-03    3.725205e-03
   40.156250   -2.256081e-03    3.716743e-03
   40.187500   -2.252621e-03    3.708308e-03
   40.218750   -2.249171e-03    3.699899e-03
   40.250000   -2.245732e-03    3.691516e-03
   40.281250   -2.242304e-03    3.683159e-03
   40.312500   -2.238886e-03    3.674829e-03
   40.343750   -2.235480e-03    3.666525e-03
   40.375000   -2.232084e-03    3.658247e-03
   40.406250   -2.228699e-03    3.649995e-03
   40.437500   -2.225325e-03    3.641769e-03
   40.468750   -2.221961e-03    3.633570e-03
   40.500000   -2.218607e-03    3.625397e-03
   40.531250   -2.215264e-03    3.617250e-03
   40.562500   -2.211931e-03    3.609129e-03
   40.593750   -2.208608e-03    3.601034e-03
   40.625000   -2.205295e-03    3.592965e-03
   40.656250   -2.201992e-03    3.584923e-03
   40.687500   -2.198699e-03    3.576906e-03
   40.718750   -2.195415e-03    3.568915e-03
   40.750000   -2.192141e-03    3.560950e-03
   40.781250   -2.188875e-03    3.553010e-03
   40.812500   -2.185619e-03    3.545096e-03
   40.843750   -2.182372e-03    3.537208e-03
   40.875000   -2.179134e-03    3.529345e-03
   40.906250   -2.175904e-03    3.521508e-03
   40.937500   -2.172684e-03    3.513695e-03
   40.968750   -2.169471e-03    3.505907e-03
   41.000000   -2.166267e-03    3.498145e-03
   41.031250   -2.163071e-03    3.490406e-03
   41.062500   -2.159883e-03    3.482693e-03
   41.093750   -2.156703e-03    3.475003e-03
   41.125000   -2.153531e-03    3.467338e-03
   41.156250   -2.150367e-03    3.459697e-03
   41.187500   -2.147210e-03    3.452080e-03
   41.218750   -2.144061e-03    3.444486e-03
   41.250000   -2.140920e-03    3.436915e-03
   41.281250   -2.137786e-03    3.429368e-03
   41.312500   -2.134660e-03    3.421843e-03
   41.343750   -2.131541e-03    3.414342e-03
   41.375000   -2.128430e-03    3.406863e-03
   41.406250   -2.125326e-03    3.399406e-03
   41.437500   -2.122229e-03    3.391971e-03
   41.468750   -2.119140e-03    3.384559e-03
   41.500000   -2.116059e-03    3.377168e-03
   41.531250   -2.112985e-03    3.369799e-03
   41.562500   -2.109919e-03    3.362452e-03
   41.593750   -2.106860e-03    3.355126e-03
   41.625000   -2.103809e-03    3.347821e-03
   41.656250   -2.100766e-03    3.340537e-03
   41.687500   -2.097730e-03    3.333274e-03
   41.718750   -2.094702e-03    3.326032e-03
   41.750000   -2.091682e-03    3.318811e-03
   41.781250   -2.088670e-03    3.311610e-03
   41.812500   -2.085667e-03    3.304430e-03
   41.843750   -2.082671e-03    3.297270e-03
   41.875000   -2.079683e-03    3.290131e-03
   41.906250   -2.076704e-03    3.283011e-03
   41.937500   -2.073733e-03    3.275913e-03
   41.968750   -2.070771e-03    3.268834e-03
   42.000000   -2.067817e-03    3.261775e-03
   42.031250   -2.064871e-03    3.254737e-03
   42.062500   -2.061934e-03    3.247719e-03
   42.093750   -2.059005e-03    3.240721e-03
   42.125000   -2.056085e-03    3.233743e-03
   42.156250   -2.053174e-03    3.226785e-03
   42.187500   -2.050271e-03    3.219848e-03
   42.218750   -2.047377e-03    3.212931e-03
   42.250000   -2.044492e-03    3.206034e-03
   42.281250   -2.041615e-03    3.199157e-03
   42.312500   -2.038747e-03    3.192300e-03
   42.343750   -2.035887e-03    3.185464e-03
   42.375000   -2.033036e-03    3.178648e-03
   42.406250   -2.030193e-03    3.171852e-03
   42.437500   -2.027359e-03    3.165076e-03
   42.468750   -2.024533e-03    3.158321e-03
   42.500000   -2.021715e-03    3.151587e-03
   42.531250   -2.018905e-03    3.144872e-03
   42.562500   -2.016103e-03    3.138178e-03
   42.593750   -2.013310e-03    3.131504e-03
   42.625000   -2.010524e-03    3.124851e-03
   42.656250   -2.007745e-03    3.118218e-03
   42.687500   -2.004975e-03    3.111605e-03
   42.718750   -2.002212e-03    3.105012e-03
   42.750000   -1.999456e-03    3.098440e-03
   42.781250   -1.996707e-03    3.091887e-03
   42.812500   -1.993966e-03    3.085355e-03
   42.843750   -1.991231e-03    3.078842e-03
   42.875000   -1.988503e-03    3.072350e-03
   42.906250   -1.985782e-03    3.065877e-03
   42.937500   -1.983068e-03    3.059424e-03
   42.968750   -1.980360e-03    3.052990e-03
   43.000000   -1.977658e-03    3.046576e-03
   43.031250   -1.974963e-03    3.040181e-03
   43.062500   -1.972274e-03    3.033805e-03
   43.093750   -1.969591e-03    3.027449e-03
   43.125000   -1.966914e-03    3.021111e-03
   43.156250   -1.964243e-03    3.014791e-03
   43.187500   -1.961578e-03    3.008491e-03
   43.218750   -1.958918e-03    3.002208e-03
   43.250000   -1.956265e-03    2.995944e-03
   43.281250   -1.953617e-03    2.989698e-03
   43.312500   -1.950974e-03    2.983470e-03
   43.343750   -1.948338e-03    2.977259e-03
   43.375000   -1.945707e-03    2.971066e-03
   43.406250   -1.943081e-03    2.964890e-03
   43.437500   -1.940462e-03    2.958732e-03
   43.468750   -1.937848e-03    2.952591e-03
   43.500000   -1.935240e-03    2.946466e-03
   43.531250   -1.932637e-03    2.940359e-03
   43.562500   -1.930041e-03    2.934268e-03
   43.593750   -1.927450e-03    2.928193e-03
   43.625000   -1.924865e-03    2.922135e-03
   43.656250   -1.922286e-03    2.916093e-03
   43.687500   -1.919713e-03    2.910068e-03
   43.718750   -1.917146e-03    2.904058e-03
   43.750000   -1.914586e-03    2.898065e-03
   43.781250   -1.912031e-03    2.892087e-03
   43.812500   -1.909483e-03    2.886125e-03
   43.843750   -1.906942e-03    2.880179e-03
   43.875000   -1.904406e-03    2.874249e-03
   43.906250   -1.901878e-03    2.868334e-03
   43.937500   -1.899356e-03    2.862436e-03
   43.968750   -1.896840e-03    2.856552e-03
   44.000000   -1.894332e-03    2.850685e-03
   44.031250   -1.891830e-03    2.844833e-03
   44.062500   -1.889335e-03    2.838997e-03
   44.093750   -1.886846e-03    2.833176e-03
   44.125000   -1.884365e-03    2.827371e-03
   44.156250   -1.881891e-03    2.821582e-03
   44.187500   -1.879423e-03    2.815809e-03
   44.218750   -1.876963e-03    2.810051e-03
   44.250000   -1.874509e-03    2.804310e-03
   44.281250   -1.872062e-03    2.798584e-03
   44.312500   -1.869623e-03    2.792873e-03
   44.343750   -1.867190e-03    2.787179e-03
   44.375000   -1.864764e-03    2.781501e-03
   44.406250   -1.862345e-03    2.775839e-03
   44.437500   -1.859932e-03    2.770193e-03
   44.468750   -1.857526e-03    2.764562e-03
   44.500000   -1.855127e-03    2.758948e-03
   44.531250   -1.852735e-03    2.753350e-03
   44.562500   -1.850348e-03    2.747768e-03
   44.593750   -1.847969e-03    2.742202e-03
   44.625000   -1.845595e-03    2.736653e-03
   44.656250   -1.843228e-03    2.731119e-03
   44.687500   -1.840866e-03    2.725601e-03
   44.718750   -1.838511e-03    2.720100e-03
   44.750000   -1.836162e-03    2.714614e-03
   44.781250   -1.833818e-03    2.709145e-03
   44.812500   -1.831479e-03    2.703691e-03
   44.843750   -1.829147e-03    2.698253e-03
   44.875000   -1.826819e-03    2.692831e-03
   44.906250   -1.824497e-03    2.687425e-03
   44.937500   -1.822180e-03    2.682034e-03
   44.968750   -1.819868e-03    2.676659e-03
   45.000000   -1.817562e-03    2.671299e-03
   45.031250   -1.815259e-03    2.665955e-03
   45.062500   -1.812962e-03    2.660626e-03
   45.093750   -1.810670e-03    2.655311e-03
   45.125000   -1.808382e-03    2.650012e-03
   45.156250   -1.806098e-03    2.644728e-03
   45.187500   -1.803819e-03    2.639458e-03
   45.218750   -1.801545e-03    2.634203e-03
   45.250000   -1.799275e-03    2.628962e-03
   45.281250   -1.797009e-03    2.623735e-03
   45.312500   -1.794748e-03    2.618523e-03
   45.343750   -1.792491e-03    2.613325e-03
   45.375000   -1.790239e-03    2.608140e-03
   45.406250   -1.787990e-03    2.602969e-03
   45.437500   -1.785747e-03    2.597811e-03
   45.468750   -1.783507e-03    2.592667e-03
   45.500000   -1.781272e-03    2.587537e-03
   45.531250   -1.779041e-03    2.582419e-03
   45.562500   -1.776815e-03    2.577314e-03
   45.593750   -1.774594e-03    2.572223e-03
   45.625000   -1.772377e-03    2.567144e-03
   45.656250   -1.770165e-03    2.562078e-03
   45.687500   -1.767957e-03    2.557025e-03
   45.718750   -1.765755e-03    2.551984e-03
   45.750000   -1.763557e-03    2.546956e-03
   45.781250   -1.761364e-03    2.541940e-03
   45.812500   -1.759177e-03    2.536936e-03
   45.843750   -1.756994e-03    2.531945e-03
   45.875000   -1.754817e-03    2.526967e-03
   45.906250   -1.752644e-03    2.522000e-03
   45.937500   -1.750478e-03    2.517046e-03
   45.968750   -1.748316e-03    2.512104e-03
   46.000000   -1.746160e-03    2.507175e-03
   46.031250   -1.744010e-03    2.502257e-03
   46.062500   -1.741865e-03    2.497352e-03
   46.093750   -1.739725e-03    2.492460e-03
   46.125000   -1.737591e-03    2.487580e-03
   46.156250   -1.735463e-03    2.482712e-03
   46.187500   -1.733341e-03    2.477856e-03
   46.218750   -1.731224e-03    2.473013e-03
   46.250000   -1.729113e-03    2.468183e-03
   46.281250   -1.727008e-03    2.463365e-03
   46.312500   -1.724908e-03    2.458560e-03
   46.343750   -1.722814e-03    2.453767e-03
   46.375000   -1.720726e-03    2.448988e-03
   46.406250   -1.718643e-03    2.444221e-03
   46.437500   -1.716566e-03    2.439466e-03
   46.468750   -1.714494e-03    2.434725e-03
   46.500000   -1.712428e-03    2.429996e-03
   46.531250   -1.710367e-03    2.425280e-03
   46.562500   -1.708312e-03    2.420578e-03
   46.593750   -1.706261e-03    2.415888e-03
   46.625000   -1.704216e-03    2.411211e-03
   46.656250   -1.702175e-03    2.406547e-03
   46.687500   -1.700140e-03    2.401896e-03
   46.718750   -1.698109e-03    2.397258e-03
   46.750000   -1.696083e-03    2.392632e-03
   46.781250   -1.694062e-03    2.388020e-03
   46.812500   -1.692045e-03    2.383421e-03
   46.843750   -1.690033e-03    2.378834e-03
   46.875000   -1.688024e-03    2.374260e-03
   46.906250   -1.686020e-03    2.369698e-03
   46.937500   -1.684021e-03    2.365150e-03
   46.968750   -1.682025e-03    2.360613e-03
   47.000000   -1.680033e-03    2.356090e-03
   47.031250   -1.678045e-03    2.351578e-03
   47.062500   -1.676060e-03    2.347079e-03
   47.093750   -1.674080e-03    2.342592e-03
   47.125000   -1.672103e-03    2.338116e-03
   47.156250   -1.670129e-03    2.333653e-03
   47.187500   -1.668159e-03    2.329202e-03
   47.218750   -1.666193e-03    2.324762e-03
   47.250000   -1.664229e-03    2.320334e-03
   47.281250   -1.662270e-03    2.315917e-03
   47.312500   -1.660313e-03    2.311511e-03
   47.343750   -1.658360e-03    2.307117e-03
   47.375000   -1.656411e-03    2.302733e-03
   47.406250   -1.654465e-03    2.298361e-03
   47.437500   -1.652522e-03    2.293999e-03
   47.468750   -1.650583e-03    2.289648e-03
   47.500000   -1.648647e-03    2.285307e-03
   47.531250   -1.646714e-03    2.280977e-03
   47.562500   -1.644786e-03    2.276657e-03
   47.593750   -1.642860e-03    2.272348e-03
   47.625000   -1.640939e-03    2.268049e-03
   47.656250   -1.639021e-03    2.263759e-03
   47.687500   -1.637107e-03    2.259480e-03
   47.718750   -1.635197e-03    2.255211e-03
   47.750000   -1.633291e-03    2.250951e-03
   47.781250   -1.631389e-03    2.246702e-03
   47.812500   -1.629491e-03    2.242462e-03
   47.843750   -1.627597e-03    2.238232e-03
   47.875000   -1.625707e-03    2.234012e-03
   47.906250   -1.623821e-03    2.229801e-03
   47.937500   -1.621940e-03    2.225601e-03
   47.968750   -1.620064e-03    2.221410e-03
   48.000000   -1.618192e-03    2.217229e-03
   48.031250   -1.616324e-03    2.213057e-03
   48.062500   -1.614461e-03    2.208895e-03
   48.093750   -1.612603e-03    2.204744e-03
   48.125000   -1.610749e-03    2.200602e-03
   48.156250   -1.608900e-03    2.196470e-03
   48.187500   -1.607056e-03    2.192347e-03
   48.218750   -1.605217e-03    2.188235e-03
   48.250000   -1.603382e-03    2.184133e-03
   48.281250   -1.601552e-03    2.180041e-03
   48.312500   -1.599727e-03    2.175959e-03
   48.343750   -1.597906e-03    2.171888e-03
   48.375000   -1.596091e-03    2.167826e-03
   48.406250   -1.594280e-03    2.163775e-03
   48.437500   -1.592473e-03    2.159735e-03
   48.468750   -1.590671e-03    2.155704e-03
   48.500000   -1.588874e-03    2.151684e-03
   48.531250   -1.587081e-03    2.147675e-03
   48.562500   -1.585293e-03    2.143676e-03
   48.593750   -1.583508e-03    2.139688e-03
   48.625000   -1.581728e-03    2.135710e-03
   48.656250   -1.579953e-03    2.131742e-03
   48.687500   -1.578181e-03    2.127786e-03
   48.718750   -1.576413e-03    2.123839e-03
   48.750000   -1.574649e-03    2.119904e-03
   48.781250   -1.572889e-03    2.115978e-03
   48.812500   -1.571132e-03    2.112064e-03
   48.843750   -1.569379e-03    2.108159e-03
   48.875000   -1.567630e-03    2.104266e-03
   48.906250   -1.565884e-03    2.100382e-03
   48.937500   -1.564141e-03    2.096509e-03
   48.968750   -1.562402e-03    2.092646e-03
   49.000000   -1.560665e-03    2.088793e-03
   49.031250   -1.558932e-03    2.084950e-03
   49.062500   -1.557202e-03    2.081117e-03
   49.093750   -1.555474e-03    2.077294e-03
   49.125000   -1.553750e-03    2.073481e-03
   49.156250   -1.552028e-03    2.069678e-03
   49.187500   -1.550309e-03    2.065884e-03
   49.218750   -1.548593e-03    2.062099e-03
   49.250000   -1.546879e-03    2.058324e-03
   49.281250   -1.545168e-03    2.054558e-03
   49.312500   -1.543460e-03    2.050802e-03
   49.343750   -1.541754e-03    2.047054e-03
   49.375000   -1.540052e-03    2.043315e-03
   49.406250   -1.538351e-03    2.039585e-03
   49.437500   -1.536654e-03    2.035864e-03
   49.468750   -1.534959e-03    2.032151e-03
   49.500000   -1.533267e-03    2.028447e-03
   49.531250   -1.531577e-03    2.024751e-03
   49.562500   -1.529891e-03    2.021063e-03
   49.593750   -1.528207e-03    2.017384e-03
   49.625000   -1.526527e-03    2.013713e-03
   49.656250   -1.524849e-03    2.010049e-03
   49.687500   -1.523174e-03    2.006394e-03
   49.718750   -1.521503e-03    2.002747e-03
   49.750000   -1.519835e-03    1.999108e-03
   49.781250   -1.518170e-03    1.995476e-03
   49.812500   -1.516508e-03    1.991853e-03
   49.843750   -1.514850e-03    1.988237e-03
   49.875000   -1.513195e-03    1.984629e-03
   49.906250   -1.511544e-03    1.981029e-03
   49.937500   -1.509897e-03    1.977436e-03
   49.968750   -1.508253e-03    1.973852e-03
