    0.000000    1.388843e-02
    0.031250    1.400259e-02
    0.062500    1.411845e-02
    0.093750    1.423603e-02
    0.125000    1.435539e-02
    0.156250    1.447654e-02
    0.187500    1.459953e-02
    0.218750    1.472439e-02
    0.250000    1.485117e-02
    0.281250    1.497989e-02
    0.312500    1.511060e-02
    0.343750    1.524334e-02
    0.375000    1.537815e-02
    0.406250    1.551508e-02
    0.437500    1.565416e-02
    0.468750    1.579544e-02
    0.500000    1.593898e-02
    0.531250    1.608481e-02
    0.562500    1.623299e-02
    0.593750    1.638356e-02
    0.625000    1.653659e-02
    0.656250    1.669211e-02
    0.687500    1.685019e-02
    0.718750    1.701088e-02
    0.750000    1.717424e-02
    0.781250    1.734033e-02
    0.812500    1.750921e-02
    0.843750    1.768094e-02
    0.875000    1.785560e-02
    0.906250    1.803324e-02
    0.937500    1.821393e-02
    0.968750    1.839776e-02
    1.000000    1.858478e-02
    1.031250    1.877507e-02
    1.062500    1.896872e-02
    1.093750    1.916580e-02
    1.125000    1.936640e-02
    1.156250    1.957060e-02
    1.187500    1.977848e-02
    1.218750    1.999014e-02
    1.250000    2.020568e-02
    1.281250    2.042518e-02
    1.312500    2.064875e-02
    1.343750    2.087648e-02
    1.375000    2.110849e-02
    1.406250    2.134489e-02
    1.437500    2.158578e-02
    1.468750    2.183128e-02
    1.500000    2.208151e-02
    1.531250    2.233660e-02
    1.562500    2.259667e-02
    1.593750    2.286185e-02
    1.625000    2.313228e-02
    1.656250    2.340810e-02
    1.687500    2.368946e-02
    1.718750    2.397649e-02
    1.750000    2.426937e-02
    1.781250    2.456824e-02
    1.812500    2.487328e-02
    1.843750    2.518464e-02
    1.875000    2.550252e-02
    1.906250    2.582709e-02
    1.937500    2.615854e-02
    1.968750    2.649707e-02
    2.000000    2.684287e-02
    2.031250    2.719616e-02
    2.062500    2.755715e-02
    2.093750    2.792606e-02
    2.125000    2.830313e-02
    2.156250    2.868859e-02
    2.187500    2.908270e-02
    2.218750    2.948570e-02
    2.250000    2.989787e-02
    2.281250    3.031948e-02
    2.312500    3.075082e-02
    2.343750    3.119217e-02
    2.375000    3.164385e-02
    2.406250    3.210616e-02
    2.437500    3.257945e-02
    2.468750    3.306404e-02
    2.500000    3.356030e-02
    2.531250    3.406858e-02
    2.562500    3.458926e-02
    2.593750    3.512273e-02
    2.625000    3.566941e-02
    2.656250    3.622970e-02
    2.687500    3.680405e-02
    2.718750    3.739290e-02
    2.750000    3.799673e-02
    2.781250    3.861601e-02
    2.812500    3.925126e-02
    2.843750    3.990298e-02
    2.875000    4.057172e-02
    2.906250    4.125804e-02
    2.937500    4.196251e-02
    2.968750    4.268573e-02
    3.000000    4.342832e-02
    3.031250    4.419093e-02
    3.062500    4.497421e-02
    3.093750    4.577886e-02
    3.125000    4.660559e-02
    3.156250    4.745513e-02
    3.187500    4.832824e-02
    3.218750    4.922573e-02
    3.250000    5.014839e-02
    3.281250    5.109708e-02
    3.312500    5.207266e-02
    3.343750    5.307605e-02
    3.375000    5.410816e-02
    3.406250    5.516998e-02
    3.437500    5.626248e-02
    3.468750    5.738671e-02
    3.500000    5.854372e-02
    3.531250    5.973461e-02
    3.562500    6.096051e-02
    3.593750    6.222259e-02
    3.625000    6.352206e-02
    3.656250    6.486015e-02
    3.687500    6.623816e-02
    3.718750    6.765739e-02
    3.750000    6.911922e-02
    3.781250    7.062504e-02
    3.812500    7.217630e-02
    3.843750    7.377449e-02
    3.875000    7.542112e-02
    3.906250    7.711779e-02
    3.937500    7.886609e-02
    3.968750    8.066770e-02
    4.000000    8.252433e-02
    4.031250    8.443772e-02
    4.062500    8.640968e-02
    4.093750    8.844205e-02
    4.125000    9.053673e-02
    4.156250    9.269567e-02
    4.187500    9.492085e-02
    4.218750    9.721430e-02
    4.250000    9.957813e-02
    4.281250    1.020144e-01
    4.312500    1.045255e-01
    4.343750    1.071134e-01
    4.375000    1.097805e-01
    4.406250    1.125291e-01
    4.437500    1.153616e-01
    4.468750    1.182804e-01
    4.500000    1.212880e-01
    4.531250    1.243869e-01
    4.562500    1.275796e-01
    4.593750    1.308687e-01
    4.625000    1.342569e-01
    4.656250    1.377468e-01
    4.687500    1.413411e-01
    4.718750    1.450427e-01
    4.750000    1.488542e-01
    4.781250    1.527785e-01
    4.812500    1.568184e-01
    4.843750    1.609769e-01
    4.875000    1.652568e-01
    4.906250    1.696610e-01
    4.937500    1.741925e-01
    4.968750    1.788542e-01
    5.000000    1.836491e-01
    5.031250    1.885802e-01
    5.062500    1.936505e-01
    5.093750    1.988629e-01
    5.125000    2.042205e-01
    5.156250    2.097261e-01
    5.187500    2.153828e-01
    5.218750    2.211934e-01
    5.250000    2.271610e-01
    5.281250    2.332883e-01
    5.312500    2.395783e-01
    5.343750    2.460337e-01
    5.375000    2.526574e-01
    5.406250    2.594519e-01
    5.437500    2.664200e-01
    5.468750    2.735642e-01
    5.500000    2.808870e-01
    5.531250    2.883909e-01
    5.562500    2.960781e-01
    5.593750    3.039510e-01
    5.625000    3.120115e-01
    5.656250    3.202617e-01
    5.687500    3.287036e-01
    5.718750    3.373387e-01
    5.750000    3.461688e-01
    5.781250    3.551952e-01
    5.812500    3.644193e-01
    5.843750    3.738422e-01
    5.875000    3.834647e-01
    5.906250    3.932878e-01
    5.937500    4.033118e-01
    5.968750    4.135371e-01
    6.000000    4.239639e-01
    6.031250    4.345920e-01
    6.062500    4.454211e-01
    6.093750    4.564505e-01
    6.125000    4.676793e-01
    6.156250    4.791065e-01
    6.187500    4.907307e-01
    6.218750    5.025499e-01
    6.250000    5.145624e-01
    6.281250    5.267657e-01
    6.312500    5.391572e-01
    6.343750    5.517338e-01
    6.375000    5.644924e-01
    6.406250    5.774292e-01
    6.437500    5.905401e-01
    6.468750    6.038208e-01
    6.500000    6.172665e-01
    6.531250    6.308721e-01
    6.562500    6.446320e-01
    6.593750    6.585403e-01
    6.625000    6.725907e-01
    6.656250    6.867763e-01
    6.687500    7.010902e-01
    6.718750    7.155246e-01
    6.750000    7.300716e-01
    6.781250    7.447227e-01
    6.812500    7.594692e-01
    6.843750    7.743017e-01
    6.875000    7.892105e-01
    6.906250    8.041856e-01
    6.937500    8.192162e-01
    6.968750    8.342914e-01
    7.000000    8.493998e-01
    7.031250    8.645296e-01
    7.062500    8.796683e-01
    7.093750    8.948034e-01
    7.125000    9.099217e-01
    7.156250    9.250096e-01
    7.187500    9.400534e-01
    7.218750    9.550386e-01
    7.250000    9.699506e-01
    7.281250    9.847743e-01
    7.312500    9.994943e-01
    7.343750    1.014095e+00
    7.375000    1.028560e+00
    7.406250    1.042873e+00
    7.437500    1.057017e+00
    7.468750    1.070976e+00
    7.500000    1.084731e+00
    7.531250    1.098267e+00
    7.562500    1.111564e+00
    7.593750    1.124604e+00
    7.625000    1.137371e+00
    7.656250    1.149845e+00
    7.687500    1.162008e+00
    7.718750    1.173841e+00
    7.750000    1.185326e+00
    7.781250    1.196444e+00
    7.812500    1.207176e+00
    7.843750    1.217504e+00
    7.875000    1.227409e+00
    7.906250    1.236872e+00
    7.937500    1.245874e+00
    7.968750    1.254398e+00
    8.000000    1.262424e+00
    8.031250    1.269935e+00
    8.062500    1.276912e+00
    8.093750    1.283339e+00
    8.125000    1.289197e+00
    8.156250    1.294469e+00
    8.187500    1.299139e+00
    8.218750    1.303190e+00
    8.250000    1.306606e+00
    8.281250    1.309372e+00
    8.312500    1.311472e+00
    8.343750    1.312893e+00
    8.375000    1.313618e+00
    8.406250    1.313637e+00
    8.437500    1.312934e+00
    8.468750    1.311499e+00
    8.500000    1.309320e+00
    8.531250    1.306385e+00
    8.562500    1.302685e+00
    8.593750    1.298210e+00
    8.625000    1.292952e+00
    8.656250    1.286902e+00
    8.687500    1.280054e+00
    8.718750    1.272402e+00
    8.750000    1.263940e+00
    8.781250    1.254663e+00
    8.812500    1.244570e+00
    8.843750    1.233656e+00
    8.875000    1.221921e+00
    8.906250    1.209364e+00
    8.937500    1.195985e+00
    8.968750    1.181785e+00
    9.000000    1.166768e+00
    9.031250    1.150937e+00
    9.062500    1.134295e+00
    9.093750    1.116849e+00
    9.125000    1.098606e+00
    9.156250    1.079572e+00
    9.187500    1.059756e+00
    9.218750    1.039168e+00
    9.250000    1.017819e+00
    9.281250    9.957197e-01
    9.312500    9.728838e-01
    9.343750    9.493245e-01
    9.375000    9.250567e-01
    9.406250    9.000960e-01
    9.437500    8.744590e-01
    9.468750    8.481633e-01
    9.500000    8.212275e-01
    9.531250    7.936710e-01
    9.562500    7.655140e-01
    9.593750    7.367776e-01
    9.625000    7.074839e-01
    9.656250    6.776555e-01
    9.687500    6.473160e-01
    9.718750    6.164897e-01
    9.750000    5.852015e-01
    9.781250    5.534769e-01
    9.812500    5.213422e-01
    9.843750    4.888243e-01
    9.875000    4.559504e-01
    9.906250    4.227485e-01
    9.937500    3.892468e-01
    9.968750    3.554741e-01
   10.000000    3.214596e-01
   10.031250    2.872327e-01
   10.062500    2.528231e-01
   10.093750    2.182609e-01
   10.125000    1.835761e-01
   10.156250    1.487992e-01
   10.187500    1.139606e-01
   10.218750    7.909084e-02
   10.250000    4.422033e-02
   10.281250    9.379560e-03
   10.312500   -2.540108e-02
   10.343750   -6.009133e-02
   10.375000   -9.466115e-02
   10.406250   -1.290807e-01
   10.437500   -1.633203e-01
   10.468750   -1.973508e-01
   10.500000   -2.311433e-01
   10.531250   -2.646693e-01
   10.562500   -2.979006e-01
   10.593750   -3.308098e-01
   10.625000   -3.633698e-01
   10.656250   -3.955540e-01
   10.687500   -4.273367e-01
   10.718750   -4.586926e-01
   10.750000   -4.895970e-01
   10.781250   -5.200261e-01
   10.812500   -5.499568e-01
   10.843750   -5.793668e-01
   10.875000   -6.082344e-01
   10.906250   -6.365388e-01
   10.937500   -6.642603e-01
   10.968750   -6.913798e-01
   11.000000   -7.178791e-01
   11.031250   -7.437411e-01
   11.062500   -7.689494e-01
   11.093750   -7.934886e-01
   11.125000   -8.173445e-01
   11.156250   -8.405035e-01
   11.187500   -8.629533e-01
   11.218750   -8.846824e-01
   11.250000   -9.056803e-01
   11.281250   -9.259376e-01
   11.312500   -9.454459e-01
   11.343750   -9.641976e-01
   11.375000   -9.821864e-01
   11.406250   -9.994068e-01
   11.437500   -1.015854e+00
   11.468750   -1.031526e+00
   11.500000   -1.046418e+00
   11.531250   -1.060530e+00
   11.562500   -1.073861e+00
   11.593750   -1.086411e+00
   11.625000   -1.098182e+00
   11.656250   -1.109176e+00
   11.687500   -1.119396e+00
   11.718750   -1.128845e+00
   11.750000   -1.137529e+00
   11.781250   -1.145454e+00
   11.812500   -1.152625e+00
   11.843750   -1.159050e+00
   11.875000   -1.164737e+00
   11.906250   -1.169695e+00
   11.937500   -1.173932e+00
   11.968750   -1.177459e+00
   12.000000   -1.180287e+00
   12.031250   -1.182427e+00
   12.062500   -1.183891e+00
   12.093750   -1.184691e+00
   12.125000   -1.184840e+00
   12.156250   -1.184352e+00
   12.187500   -1.183241e+00
   12.218750   -1.181521e+00
   12.250000   -1.179207e+00
   12.281250   -1.176313e+00
   12.312500   -1.172857e+00
   12.343750   -1.168852e+00
   12.375000   -1.164316e+00
   12.406250   -1.159264e+00
   12.437500   -1.153713e+00
   12.468750   -1.147680e+00
   12.500000   -1.141182e+00
   12.531250   -1.134235e+00
   12.562500   -1.126857e+00
   12.593750   -1.119065e+00
   12.625000   -1.110876e+00
   12.656250   -1.102307e+00
   12.687500   -1.093375e+00
   12.718750   -1.084098e+00
   12.750000   -1.074493e+00
   12.781250   -1.064576e+00
   12.812500   -1.054364e+00
   12.843750   -1.043874e+00
   12.875000   -1.033124e+00
   12.906250   -1.022128e+00
   12.937500   -1.010904e+00
   12.968750   -9.994672e-01
   13.000000   -9.878337e-01
   13.031250   -9.760188e-01
   13.062500   -9.640379e-01
   13.093750   -9.519059e-01
   13.125000   -9.396377e-01
   13.156250   -9.272475e-01
   13.187500   -9.147496e-01
   13.218750   -9.021575e-01
   13.250000   -8.894848e-01
   13.281250   -8.767445e-01
   13.312500   -8.639494e-01
   13.343750   -8.511119e-01
   13.375000   -8.382439e-01
   13.406250   -8.253570e-01
   13.437500   -8.124626e-01
   13.468750   -7.995715e-01
   13.500000   -7.866943e-01
   13.531250   -7.738409e-01
   13.562500   -7.610212e-01
   13.593750   -7.482445e-01
   13.625000   -7.355198e-01
   13.656250   -7.228556e-01
   13.687500   -7.102601e-01
   13.718750   -6.977412e-01
   13.750000   -6.853062e-01
   13.781250   -6.729623e-01
   13.812500   -6.607161e-01
   13.843750   -6.485740e-01
   13.875000   -6.365418e-01
   13.906250   -6.246253e-01
   13.937500   -6.128297e-01
   13.968750   -6.011599e-01
   14.000000   -5.896204e-01
   14.031250   -5.782156e-01
   14.062500   -5.669494e-01
   14.093750   -5.558253e-01
   14.125000   -5.448466e-01
   14.156250   -5.340165e-01
   14.187500   -5.233376e-01
   14.218750   -5.128122e-01
   14.250000   -5.024427e-01
   14.281250   -4.922309e-01
   14.312500   -4.821783e-01
   14.343750   -4.722865e-01
   14.375000   -4.625565e-01
   14.406250   -4.529892e-01
   14.437500   -4.435855e-01
   14.468750   -4.343456e-01
   14.500000   -4.252700e-01
   14.531250   -4.163587e-01
   14.562500   -4.076116e-01
   14.593750   -3.990285e-01
   14.625000   -3.906088e-01
   14.656250   -3.823520e-01
   14.687500   -3.742574e-01
   14.718750   -3.663239e-01
   14.750000   -3.585506e-01
   14.781250   -3.509363e-01
   14.812500   -3.434798e-01
   14.843750   -3.361795e-01
   14.875000   -3.290341e-01
   14.906250   -3.220419e-01
   14.937500   -3.152013e-01
   14.968750   -3.085103e-01
   15.000000   -3.019673e-01
   15.031250   -2.955703e-01
   15.062500   -2.893172e-01
   15.093750   -2.832061e-01
   15.125000   -2.772349e-01
   15.156250   -2.714013e-01
   15.187500   -2.657033e-01
   15.218750   -2.601385e-01
   15.250000   -2.547048e-01
   15.281250   -2.493999e-01
   15.312500   -2.442215e-01
   15.343750   -2.391672e-01
   15.375000   -2.342347e-01
   15.406250   -2.294217e-01
   15.437500   -2.247258e-01
   15.468750   -2.201447e-01
   15.500000   -2.156761e-01
   15.531250   -2.113176e-01
   15.562500   -2.070668e-01
   15.593750   -2.029215e-01
   15.625000   -1.988794e-01
   15.656250   -1.949381e-01
   15.687500   -1.910953e-01
   15.718750   -1.873489e-01
   15.750000   -1.836966e-01
   15.781250   -1.801361e-01
   15.812500   -1.766654e-01
   15.843750   -1.732821e-01
   15.875000   -1.699843e-01
   15.906250   -1.667698e-01
   15.937500   -1.636365e-01
   15.968750   -1.605824e-01
   16.000000   -1.576056e-01
   16.031250   -1.547040e-01
   16.062500   -1.518756e-01
   16.093750   -1.491187e-01
   16.125000   -1.464313e-01
   16.156250   -1.438116e-01
   16.187500   -1.412578e-01
   16.218750   -1.387682e-01
   16.250000   -1.363410e-01
   16.281250   -1.339746e-01
   16.312500   -1.316673e-01
   16.343750   -1.294175e-01
   16.375000   -1.272236e-01
   16.406250   -1.250841e-01
   16.437500   -1.229974e-01
   16.468750   -1.209622e-01
   16.500000   -1.189770e-01
   16.531250   -1.170404e-01
   16.562500   -1.151510e-01
   16.593750   -1.133075e-01
   16.625000   -1.115087e-01
   16.656250   -1.097532e-01
   16.687500   -1.080399e-01
   16.718750   -1.063675e-01
   16.750000   -1.047349e-01
   16.781250   -1.031410e-01
   16.812500   -1.015846e-01
   16.843750   -1.000647e-01
   16.875000   -9.858034e-02
   16.906250   -9.713039e-02
   16.937500   -9.571393e-02
   16.968750   -9.432999e-02
   17.000000   -9.297765e-02
   17.031250   -9.165603e-02
   17.062500   -9.036424e-02
   17.093750   -8.910145e-02
   17.125000   -8.786683e-02
   17.156250   -8.665960e-02
   17.187500   -8.547897e-02
   17.218750   -8.432421e-02
   17.250000   -8.319458e-02
   17.281250   -8.208938e-02
   17.312500   -8.100794e-02
   17.343750   -7.994959e-02
   17.375000   -7.891368e-02
   17.406250   -7.789961e-02
   17.437500   -7.690676e-02
   17.468750   -7.593456e-02
   17.500000   -7.498243e-02
   17.531250   -7.404983e-02
   17.562500   -7.313623e-02
   17.593750   -7.224112e-02
   17.625000   -7.136400e-02
   17.656250   -7.050437e-02
   17.687500   -6.966179e-02
   17.718750   -6.883579e-02
   17.750000   -6.802593e-02
   17.781250   -6.723179e-02
   17.812500   -6.645296e-02
   17.843750   -6.568904e-02
   17.875000   -6.493964e-02
   17.906250   -6.420438e-02
   17.937500   -6.348291e-02
   17.968750   -6.277486e-02
   18.000000   -6.207991e-02
   18.031250   -6.139771e-02
   18.062500   -6.072795e-02
   18.093750   -6.007032e-02
   18.125000   -5.942451e-02
   18.156250   -5.879024e-02
   18.187500   -5.816722e-02
   18.218750   -5.755517e-02
   18.250000   -5.695383e-02
   18.281250   -5.636294e-02
   18.312500   -5.578225e-02
   18.343750   -5.521152e-02
   18.375000   -5.465050e-02
   18.406250   -5.409898e-02
   18.437500   -5.355672e-02
   18.468750   -5.302351e-02
   18.500000   -5.249915e-02
   18.531250   -5.198342e-02
   18.562500   -5.147613e-02
   18.593750   -5.097709e-02
   18.625000   -5.048612e-02
   18.656250   -5.000302e-02
   18.687500   -4.952762e-02
   18.718750   -4.905976e-02
   18.750000   -4.859926e-02
   18.781250   -4.814596e-02
   18.812500   -4.769971e-02
   18.843750   -4.726035e-02
   18.875000   -4.682774e-02
   18.906250   -4.640172e-02
   18.937500   -4.598217e-02
   18.968750   -4.556893e-02
   19.000000   -4.516188e-02
   19.031250   -4.476089e-02
   19.062500   -4.436584e-02
   19.093750   -4.397659e-02
   19.125000   -4.359303e-02
   19.156250   -4.321504e-02
   19.187500   -4.284252e-02
   19.218750   -4.247534e-02
   19.250000   -4.211340e-02
   19.281250   -4.175661e-02
   19.312500   -4.140484e-02
   19.343750   -4.105802e-02
   19.375000   -4.071603e-02
   19.406250   -4.037879e-02
   19.437500   -4.004620e-02
   19.468750   -3.971818e-02
   19.500000   -3.939463e-02
   19.531250   -3.907548e-02
   19.562500   -3.876063e-02
   19.593750   -3.845001e-02
   19.625000   -3.814355e-02
   19.656250   -3.784115e-02
   19.687500   -3.754276e-02
   19.718750   -3.724829e-02
   19.750000   -3.695767e-02
   19.781250   -3.667084e-02
   19.812500   -3.638772e-02
   19.843750   -3.610826e-02
   19.875000   -3.583238e-02
   19.906250   -3.556002e-02
   19.937500   -3.529112e-02
   19.968750   -3.502562e-02
   20.000000   -3.476347e-02
   20.031250   -3.450459e-02
   20.062500   -3.424895e-02
   20.093750   -3.399647e-02
   20.125000   -3.374711e-02
   20.156250   -3.350082e-02
   20.187500   -3.325754e-02
   20.218750   -3.301723e-02
   20.250000   -3.277983e-02
   20.281250   -3.254529e-02
   20.312500   -3.231357e-02
   20.343750   -3.208462e-02
   20.375000   -3.185840e-02
   20.406250   -3.163485e-02
   20.437500   -3.141395e-02
   20.468750   -3.119564e-02
   20.500000   -3.097988e-02
   20.531250   -3.076663e-02
   20.562500   -3.055585e-02
   20.593750   -3.034750e-02
   20.625000   -3.014155e-02
   20.656250   -2.993795e-02
   20.687500   -2.973666e-02
   20.718750   -2.953765e-02
   20.750000   -2.934089e-02
   20.781250   -2.914634e-02
   20.812500   -2.895396e-02
   20.843750   -2.876372e-02
   20.875000   -2.857559e-02
   20.906250   -2.838953e-02
   20.937500   -2.820551e-02
   20.968750   -2.802350e-02
   21.000000   -2.784348e-02
   21.031250   -2.766540e-02
   21.062500   -2.748924e-02
   21.093750   -2.731497e-02
   21.125000   -2.714257e-02
   21.156250   -2.697200e-02
   21.187500   -2.680324e-02
   21.218750   -2.663626e-02
   21.250000   -2.647103e-02
   21.281250   -2.630753e-02
   21.312500   -2.614573e-02
   21.343750   -2.598562e-02
   21.375000   -2.582715e-02
   21.406250   -2.567032e-02
   21.437500   -2.551510e-02
   21.468750   -2.536146e-02
   21.500000   -2.520938e-02
   21.531250   -2.505884e-02
   21.562500   -2.490983e-02
   21.593750   -2.476231e-02
   21.625000   -2.461627e-02
   21.656250   -2.447168e-02
   21.687500   -2.432854e-02
   21.718750   -2.418681e-02
   21.750000   -2.404648e-02
   21.781250   -2.390754e-02
   21.812500   -2.376995e-02
   21.843750   -2.363371e-02
   21.875000   -2.349880e-02
   21.906250   -2.336520e-02
   21.937500   -2.323289e-02
   21.968750   -2.310185e-02
   22.000000   -2.297208e-02
   22.031250   -2.284354e-02
   22.062500   -2.271624e-02
   22.093750   -2.259015e-02
   22.125000   -2.246525e-02
   22.156250   -2.234153e-02
   22.187500   -2.221898e-02
   22.218750   -2.209758e-02
   22.250000   -2.197731e-02
   22.281250   -2.185817e-02
   22.312500   -2.174014e-02
   22.343750   -2.162319e-02
   22.375000   -2.150733e-02
   22.406250   -2.139254e-02
   22.437500   -2.127879e-02
   22.468750   -2.116609e-02
   22.500000   -2.105441e-02
   22.531250   -2.094375e-02
   22.562500   -2.083409e-02
   22.593750   -2.072541e-02
   22.625000   -2.061771e-02
   22.656250   -2.051097e-02
   22.687500   -2.040519e-02
   22.718750   -2.030034e-02
   22.750000   -2.019642e-02
   22.781250   -2.009341e-02
   22.812500   -1.999131e-02
   22.843750   -1.989010e-02
   22.875000   -1.978977e-02
   22.906250   -1.969031e-02
   22.937500   -1.959171e-02
   22.968750   -1.949396e-02
   23.000000   -1.939705e-02
   23.031250   -1.930096e-02
   23.062500   -1.920569e-02
   23.093750   -1.911123e-02
   23.125000   -1.901757e-02
   23.156250   -1.892469e-02
   23.187500   -1.883260e-02
   23.218750   -1.874127e-02
   23.250000   -1.865070e-02
   23.281250   -1.856089e-02
   23.312500   -1.847181e-02
   23.343750   -1.838347e-02
   23.375000   -1.829586e-02
   23.406250   -1.820896e-02
   23.437500   -1.812277e-02
   23.468750   -1.803728e-02
   23.500000   -1.795248e-02
   23.531250   -1.786837e-02
   23.562500   -1.778494e-02
   23.593750   -1.770218e-02
   23.625000   -1.762008e-02
   23.656250   -1.753863e-02
   23.687500   -1.745784e-02
   23.718750   -1.737769e-02
   23.750000   -1.729817e-02
   23.781250   -1.721928e-02
   23.812500   -1.714102e-02
   23.843750   -1.706337e-02
   23.875000   -1.698633e-02
   23.906250   -1.690990e-02
   23.937500   -1.683406e-02
   23.968750   -1.675881e-02
   24.000000   -1.668415e-02
   24.031250   -1.661007e-02
   24.062500   -1.653656e-02
   24.093750   -1.646362e-02
   24.125000   -1.639125e-02
   24.156250   -1.631942e-02
   24.187500   -1.624815e-02
   24.218750   -1.617743e-02
   24.250000   -1.610725e-02
   24.281250   -1.603759e-02
   24.312500   -1.596847e-02
   24.343750   -1.589987e-02
   24.375000   -1.583179e-02
   24.406250   -1.576423e-02
   24.437500   -1.569716e-02
   24.468750   -1.563061e-02
   24.500000   -1.556454e-02
   24.531250   -1.549897e-02
   24.562500   -1.543389e-02
   24.593750   -1.536928e-02
   24.625000   -1.530515e-02
   24.656250   -1.524150e-02
   24.687500   -1.517831e-02
   24.718750   -1.511557e-02
   24.750000   -1.505330e-02
   24.781250   -1.499147e-02
   24.812500   -1.493009e-02
   24.843750   -1.486915e-02
   24.875000   -1.480865e-02
   24.906250   -1.474858e-02
   24.937500   -1.468893e-02
   24.968750   -1.462971e-02
   25.000000   -1.457090e-02
   25.031250   -1.451251e-02
   25.062500   -1.445453e-02
   25.093750   -1.439695e-02
   25.125000   -1.433977e-02
   25.156250   -1.428298e-02
   25.187500   -1.422659e-02
   25.218750   -1.417058e-02
   25.250000   -1.411496e-02
   25.281250   -1.405972e-02
   25.312500   -1.400486e-02
   25.343750   -1.395037e-02
   25.375000   -1.389624e-02
   25.406250   -1.384249e-02
   25.437500   -1.378909e-02
   25.468750   -1.373606e-02
   25.500000   -1.368338e-02
   25.531250   -1.363105e-02
   25.562500   -1.357907e-02
   25.593750   -1.352743e-02
   25.625000   -1.347614e-02
   25.656250   -1.342520e-02
   25.687500   -1.337458e-02
   25.718750   -1.332431e-02
   25.750000   -1.327436e-02
   25.781250   -1.322474e-02
   25.812500   -1.317545e-02
   25.843750   -1.312649e-02
   25.875000   -1.307784e-02
   25.906250   -1.302952e-02
   25.937500   -1.298151e-02
   25.968750   -1.293381e-02
   26.000000   -1.288642e-02
   26.031250   -1.283935e-02
   26.062500   -1.279258e-02
   26.093750   -1.274611e-02
   26.125000   -1.269995e-02
   26.156250   -1.265408e-02
   26.187500   -1.260851e-02
   26.218750   -1.256323e-02
   26.250000   -1.251825e-02
   26.281250   -1.247355e-02
   26.312500   -1.242915e-02
   26.343750   -1.238502e-02
   26.375000   -1.234118e-02
   26.406250   -1.229761e-02
   26.437500   -1.225433e-02
   26.468750   -1.221131e-02
   26.500000   -1.216857e-02
   26.531250   -1.212610e-02
   26.562500   -1.208389e-02
   26.593750   -1.204195e-02
   26.625000   -1.200027e-02
   26.656250   -1.195885e-02
   26.687500   -1.191768e-02
   26.718750   -1.187677e-02
   26.750000   -1.183611e-02
   26.781250   -1.179570e-02
   26.812500   -1.175553e-02
   26.843750   -1.171561e-02
   26.875000   -1.167593e-02
   26.906250   -1.163649e-02
   26.937500   -1.159729e-02
   26.968750   -1.155832e-02
   27.000000   -1.151958e-02
   27.031250   -1.148107e-02
   27.062500   -1.144279e-02
   27.093750   -1.140474e-02
   27.125000   -1.136691e-02
   27.156250   -1.132930e-02
   27.187500   -1.129191e-02
   27.218750   -1.125473e-02
   27.250000   -1.121777e-02
   27.281250   -1.118103e-02
   27.312500   -1.114449e-02
   27.343750   -1.110817e-02
   27.375000   -1.107205e-02
   27.406250   -1.103614e-02
   27.437500   -1.100044e-02
   27.468750   -1.096493e-02
   27.500000   -1.092963e-02
   27.531250   -1.089453e-02
   27.562500   -1.085963e-02
   27.593750   -1.082493e-02
   27.625000   -1.079042e-02
   27.656250   -1.075610e-02
   27.687500   -1.072198e-02
   27.718750   -1.068806e-02
   27.750000   -1.065432e-02
   27.781250   -1.062077e-02
   27.812500   -1.058741e-02
   27.843750   -1.055424e-02
   27.875000   -1.052126e-02
   27.906250   -1.048846e-02
   27.937500   -1.045584e-02
   27.968750   -1.042341e-02
   28.000000   -1.039116e-02
   28.031250   -1.035909e-02
   28.062500   -1.032720e-02
   28.093750   -1.029549e-02
   28.125000   -1.026395e-02
   28.156250   -1.023260e-02
   28.187500   -1.020141e-02
   28.218750   -1.017040e-02
   28.250000   -1.013957e-02
   28.281250   -1.010890e-02
   28.312500   -1.007841e-02
   28.343750   -1.004808e-02
   28.375000   -1.001792e-02
   28.406250   -9.987930e-03
   28.437500   -9.958103e-03
   28.468750   -9.928439e-03
   28.500000   -9.898937e-03
   28.531250   -9.869597e-03
   28.562500   -9.840415e-03
   28.593750   -9.811392e-03
   28.625000   -9.782525e-03
   28.656250   -9.753814e-03
   28.687500   -9.725256e-03
   28.718750   -9.696851e-03
   28.750000   -9.668596e-03
   28.781250   -9.640491e-03
   28.812500   -9.612533e-03
   28.843750   -9.584723e-03
   28.875000   -9.557057e-03
   28.906250   -9.529535e-03
   28.937500   -9.502155e-03
   28.968750   -9.474917e-03
   29.000000   -9.447818e-03
   29.031250   -9.420858e-03
   29.062500   -9.394034e-03
   29.093750   -9.367347e-03
   29.125000   -9.340794e-03
   29.156250   -9.314374e-03
   29.187500   -9.288087e-03
   29.218750   -9.261931e-03
   29.250000   -9.235905e-03
   29.281250   -9.210008e-03
   29.312500   -9.184240e-03
   29.343750   -9.158599e-03
   29.375000   -9.133084e-03
   29.406250   -9.107694e-03
   29.437500   -9.082429e-03
   29.468750   -9.057288e-03
   29.500000   -9.032270e-03
   29.531250   -9.007374e-03
   29.562500   -8.982601e-03
   29.593750   -8.957948e-03
   29.625000   -8.933415e-03
   29.656250   -8.909003e-03
   29.687500   -8.884710e-03
   29.718750   -8.860535e-03
   29.750000   -8.836479e-03
   29.781250   -8.812540e-03
   29.812500   -8.788719e-03
   29.843750   -8.765014e-03
   29.875000   -8.741425e-03
   29.906250   -8.717952e-03
   29.937500   -8.694594e-03
   29.968750   -8.671351e-03
   30.000000   -8.648222e-03
   30.031250   -8.625207e-03
   30.062500   -8.602305e-03
   30.093750   -8.579516e-03
   30.125000   -8.556838e-03
   30.156250   -8.534272e-03
   30.187500   -8.511817e-03
   30.218750   -8.489472e-03
   30.250000   -8.467237e-03
   30.281250   -8.445111e-03
   30.312500   -8.423093e-03
   30.343750   -8.401183e-03
   30.375000   -8.379379e-03
   30.406250   -8.357682e-03
   30.437500   -8.336090e-03
   30.468750   -8.314602e-03
   30.500000   -8.293218e-03
   30.531250   -8.271937e-03
   30.562500   -8.250758e-03
   30.593750   -8.229679e-03
   30.625000   -8.208701e-03
   30.656250   -8.187823e-03
   30.687500   -8.167042e-03
   30.718750   -8.146359e-03
   30.750000   -8.125773e-03
   30.781250   -8.105282e-03
   30.812500   -8.084886e-03
   30.843750   -8.064583e-03
   30.875000   -8.044373e-03
   30.906250   -8.024256e-03
   30.937500   -8.004229e-03
   30.968750   -7.984292e-03
   31.000000   -7.964445e-03
   31.031250   -7.944686e-03
   31.062500   -7.925015e-03
   31.093750   -7.905430e-03
   31.125000   -7.885932e-03
   31.156250   -7.866519e-03
   31.187500   -7.847191e-03
   31.218750   -7.827947e-03
   31.250000   -7.808787e-03
   31.281250   -7.789709e-03
   31.312500   -7.770713e-03
   31.343750   -7.751799e-03
   31.375000   -7.732966e-03
   31.406250   -7.714214e-03
   31.437500   -7.695542e-03
   31.468750   -7.676950e-03
   31.500000   -7.658438e-03
   31.531250   -7.640004e-03
   31.562500   -7.621650e-03
   31.593750   -7.603374e-03
   31.625000   -7.585176e-03
   31.656250   -7.567056e-03
   31.687500   -7.549015e-03
   31.718750   -7.531050e-03
   31.750000   -7.513163e-03
   31.781250   -7.495353e-03
   31.812500   -7.477621e-03
   31.843750   -7.459965e-03
   31.875000   -7.442385e-03
   31.906250   -7.424882e-03
   31.937500   -7.407455e-03
   31.968750   -7.390104e-03
   32.000000   -7.372829e-03
   32.031250   -7.355630e-03
   32.062500   -7.338506e-03
   32.093750   -7.321457e-03
   32.125000   -7.304483e-03
   32.156250   -7.287583e-03
   32.187500   -7.270758e-03
   32.218750   -7.254007e-03
   32.250000   -7.237329e-03
   32.281250   -7.220724e-03
   32.312500   -7.204193e-03
   32.343750   -7.187733e-03
   32.375000   -7.171346e-03
   32.406250   -7.155029e-03
   32.437500   -7.138784e-03
   32.468750   -7.122609e-03
   32.500000   -7.106504e-03
   32.531250   -7.090469e-03
   32.562500   -7.074502e-03
   32.593750   -7.058603e-03
   32.625000   -7.042771e-03
   32.656250   -7.027007e-03
   32.687500   -7.011308e-03
   32.718750   -6.995676e-03
   32.750000   -6.980108e-03
   32.781250   -6.964604e-03
   32.812500   -6.949164e-03
   32.843750   -6.933787e-03
   32.875000   -6.918473e-03
   32.906250   -6.903220e-03
   32.937500   -6.888028e-03
   32.968750   -6.872896e-03
   33.000000   -6.857825e-03
   33.031250   -6.842812e-03
   33.062500   -6.827859e-03
   33.093750   -6.812964e-03
   33.125000   -6.798126e-03
   33.156250   -6.783345e-03
   33.187500   -6.768621e-03
   33.218750   -6.753954e-03
   33.250000   -6.739342e-03
   33.281250   -6.724786e-03
   33.312500   -6.710285e-03
   33.343750   -6.695839e-03
   33.375000   -6.681447e-03
   33.406250   -6.667110e-03
   33.437500   -6.652826e-03
   33.468750   -6.638597e-03
   33.500000   -6.624421e-03
   33.531250   -6.610298e-03
   33.562500   -6.596229e-03
   33.593750   -6.582214e-03
   33.625000   -6.568251e-03
   33.656250   -6.554342e-03
   33.687500   -6.540485e-03
   33.718750   -6.526682e-03
   33.750000   -6.512931e-03
   33.781250   -6.499233e-03
   33.812500   -6.485589e-03
   33.843750   -6.471997e-03
   33.875000   -6.458457e-03
   33.906250   -6.444971e-03
   33.937500   -6.431537e-03
   33.968750   -6.418157e-03
   34.000000   -6.404828e-03
   34.031250   -6.391553e-03
   34.062500   -6.378330e-03
   34.093750   -6.365159e-03
   34.125000   -6.352040e-03
   34.156250   -6.338974e-03
   34.187500   -6.325960e-03
   34.218750   -6.312997e-03
   34.250000   -6.300086e-03
   34.281250   -6.287227e-03
   34.312500   -6.274418e-03
   34.343750   -6.261661e-03
   34.375000   -6.248954e-03
   34.406250   -6.236297e-03
   34.437500   -6.223691e-03
   34.468750   -6.211133e-03
   34.500000   -6.198625e-03
   34.531250   -6.186166e-03
   34.562500   -6.173755e-03
   34.593750   -6.161392e-03
   34.625000   -6.149076e-03
   34.656250   -6.136807e-03
   34.687500   -6.124585e-03
   34.718750   -6.112408e-03
   34.750000   -6.100277e-03
   34.781250   -6.088192e-03
   34.812500   -6.076150e-03
   34.843750   -6.064153e-03
   34.875000   -6.052199e-03
   34.906250   -6.040288e-03
   34.937500   -6.028420e-03
   34.968750   -6.016594e-03
   35.000000   -6.004810e-03
   35.031250   -5.993067e-03
   35.062500   -5.981364e-03
   35.093750   -5.969702e-03
   35.125000   -5.958081e-03
   35.156250   -5.946498e-03
   35.187500   -5.934956e-03
   35.218750   -5.923452e-03
   35.250000   -5.911987e-03
   35.281250   -5.900561e-03
   35.312500   -5.889173e-03
   35.343750   -5.877823e-03
   35.375000   -5.866511e-03
   35.406250   -5.855237e-03
   35.437500   -5.844001e-03
   35.468750   -5.832802e-03
   35.500000   -5.821640e-03
   35.531250   -5.810517e-03
   35.562500   -5.799430e-03
   35.593750   -5.788381e-03
   35.625000   -5.777370e-03
   35.656250   -5.766396e-03
   35.687500   -5.755459e-03
   35.718750   -5.744560e-03
   35.750000   -5.733698e-03
   35.781250   -5.722874e-03
   35.812500   -5.712088e-03
   35.843750   -5.701339e-03
   35.875000   -5.690629e-03
   35.906250   -5.679956e-03
   35.937500   -5.669321e-03
   35.968750   -5.658724e-03
   36.000000   -5.648165e-03
   36.031250   -5.637643e-03
   36.062500   -5.627160e-03
   36.093750   -5.616715e-03
   36.125000   -5.606308e-03
   36.156250   -5.595938e-03
   36.187500   -5.585607e-03
   36.218750   -5.575313e-03
   36.250000   -5.565056e-03
   36.281250   -5.554837e-03
   36.312500   -5.544656e-03
   36.343750   -5.534511e-03
   36.375000   -5.524404e-03
   36.406250   -5.514333e-03
   36.437500   -5.504298e-03
   36.468750   -5.494300e-03
   36.500000   -5.484337e-03
   36.531250   -5.474410e-03
   36.562500   -5.464518e-03
   36.593750   -5.454661e-03
   36.625000   -5.444839e-03
   36.656250   -5.435051e-03
   36.687500   -5.425296e-03
   36.718750   -5.415575e-03
   36.750000   -5.405887e-03
   36.781250   -5.396231e-03
   36.812500   -5.386608e-03
   36.843750   -5.377016e-03
   36.875000   -5.367456e-03
   36.906250   -5.357927e-03
   36.937500   -5.348428e-03
   36.968750   -5.338960e-03
   37.000000   -5.329522e-03
   37.031250   -5.320113e-03
   37.062500   -5.310734e-03
   37.093750   -5.301383e-03
   37.125000   -5.292061e-03
   37.156250   -5.282768e-03
   37.187500   -5.273503e-03
   37.218750   -5.264266e-03
   37.250000   -5.255056e-03
   37.281250   -5.245874e-03
   37.312500   -5.236720e-03
   37.343750   -5.227592e-03
   37.375000   -5.218492e-03
   37.406250   -5.209419e-03
   37.437500   -5.200374e-03
   37.468750   -5.191355e-03
   37.500000   -5.182363e-03
   37.531250   -5.173398e-03
   37.562500   -5.164460e-03
   37.593750   -5.155550e-03
   37.625000   -5.146666e-03
   37.656250   -5.137810e-03
   37.687500   -5.128981e-03
   37.718750   -5.120179e-03
   37.750000   -5.111405e-03
   37.781250   -5.102659e-03
   37.812500   -5.093940e-03
   37.843750   -5.085249e-03
   37.875000   -5.076585e-03
   37.906250   -5.067950e-03
   37.937500   -5.059343e-03
   37.968750   -5.050764e-03
   38.000000   -5.042214e-03
   38.031250   -5.033691e-03
   38.062500   -5.025197e-03
   38.093750   -5.016731e-03
   38.125000   -5.008294e-03
   38.156250   -4.999885e-03
   38.187500   -4.991505e-03
   38.218750   -4.983153e-03
   38.250000   -4.974829e-03
   38.281250   -4.966533e-03
   38.312500   -4.958265e-03
   38.343750   -4.950025e-03
   38.375000   -4.941813e-03
   38.406250   -4.933629e-03
   38.437500   -4.925472e-03
   38.468750   -4.917342e-03
   38.500000   -4.909239e-03
   38.531250   -4.901163e-03
   38.562500   -4.893114e-03
   38.593750   -4.885090e-03
   38.625000   -4.877093e-03
   38.656250   -4.869121e-03
   38.687500   -4.861174e-03
   38.718750   -4.853252e-03
   38.750000   -4.845355e-03
   38.781250   -4.837482e-03
   38.812500   -4.829633e-03
   38.843750   -4.821808e-03
   38.875000   -4.814006e-03
   38.906250   -4.806227e-03
   38.937500   -4.798471e-03
   38.968750   -4.790737e-03
   39.000000   -4.783025e-03
   39.031250   -4.775335e-03
   39.062500   -4.767666e-03
   39.093750   -4.760019e-03
   39.125000   -4.752392e-03
   39.156250   -4.744787e-03
   39.187500   -4.737202e-03
   39.218750   -4.729638e-03
   39.250000   -4.722094e-03
   39.281250   -4.714570e-03
   39.312500   -4.707067e-03
   39.343750   -4.699583e-03
   39.375000   -4.692119e-03
   39.406250   -4.684675e-03
   39.437500   -4.677251e-03
   39.468750   -4.669847e-03
   39.500000   -4.662463e-03
   39.531250   -4.655099e-03
   39.562500   -4.647755e-03
   39.593750   -4.640431e-03
   39.625000   -4.633128e-03
   39.656250   -4.625844e-03
   39.687500   -4.618581e-03
   39.718750   -4.611338e-03
   39.750000   -4.604116e-03
   39.781250   -4.596915e-03
   39.812500   -4.589735e-03
   39.843750   -4.582576e-03
   39.875000   -4.575437e-03
   39.906250   -4.568321e-03
   39.937500   -4.561225e-03
   39.968750   -4.554151e-03
   40.000000   -4.547099e-03
   40.031250   -4.540068e-03
   40.062500   -4.533059e-03
   40.093750   -4.526072e-03
   40.125000   -4.519106e-03
   40.156250   -4.512163e-03
   40.187500   -4.505241e-03
   40.218750   -4.498341e-03
   40.250000   -4.491463e-03
   40.281250   -4.484607e-03
   40.312500   -4.477773e-03
   40.343750   -4.470960e-03
   40.375000   -4.464169e-03
   40.406250   -4.457399e-03
   40.437500   -4.450650e-03
   40.468750   -4.443922e-03
   40.500000   -4.437215e-03
   40.531250   -4.430529e-03
   40.562500   -4.423863e-03
   40.593750   -4.417217e-03
   40.625000   -4.410591e-03
   40.656250   -4.403985e-03
   40.687500   -4.397398e-03
   40.718750   -4.390830e-03
   40.750000   -4.384281e-03
   40.781250   -4.377751e-03
   40.812500   -4.371239e-03
   40.843750   -4.364745e-03
   40.875000   -4.358268e-03
   40.906250   -4.351809e-03
   40.937500   -4.345367e-03
   40.968750   -4.338942e-03
   41.000000   -4.332534e-03
   41.031250   -4.326142e-03
   41.062500   -4.319766e-03
   41.093750   -4.313406e-03
   41.125000   -4.307062e-03
   41.156250   -4.300733e-03
   41.187500   -4.294420e-03
   41.218750   -4.288122e-03
   41.250000   -4.281840e-03
   41.281250   -4.275572e-03
   41.312500   -4.269319e-03
   41.343750   -4.263082e-03
   41.375000   -4.256859e-03
   41.406250   -4.250652e-03
   41.437500   -4.244459e-03
   41.468750   -4.238281e-03
   41.500000   -4.232118e-03
   41.531250   -4.225970e-03
   41.562500   -4.219837e-03
   41.593750   -4.213720e-03
   41.625000   -4.207618e-03
   41.656250   -4.201531e-03
   41.687500   -4.195460e-03
   41.718750   -4.189404e-03
   41.750000   -4.183365e-03
   41.781250   -4.177341e-03
   41.812500   -4.171333e-03
   41.843750   -4.165342e-03
   41.875000   -4.159367e-03
   41.906250   -4.153408e-03
   41.937500   -4.147467e-03
   41.968750   -4.141541e-03
   42.000000   -4.135633e-03
   42.031250   -4.129742e-03
   42.062500   -4.123868e-03
   42.093750   -4.118011e-03
   42.125000   -4.112171e-03
   42.156250   -4.106348e-03
   42.187500   -4.100543e-03
   42.218750   -4.094755e-03
   42.250000   -4.088984e-03
   42.281250   -4.083230e-03
   42.312500   -4.077494e-03
   42.343750   -4.071774e-03
   42.375000   -4.066072e-03
   42.406250   -4.060386e-03
   42.437500   -4.054718e-03
   42.468750   -4.049065e-03
   42.500000   -4.043430e-03
   42.531250   -4.037810e-03
   42.562500   -4.032207e-03
   42.593750   -4.026619e-03
   42.625000   -4.021047e-03
   42.656250   -4.015491e-03
   42.687500   -4.009950e-03
   42.718750   -4.004423e-03
   42.750000   -3.998912e-03
   42.781250   -3.993414e-03
   42.812500   -3.987931e-03
   42.843750   -3.982462e-03
   42.875000   -3.977007e-03
   42.906250   -3.971565e-03
   42.937500   -3.966136e-03
   42.968750   -3.960720e-03
   43.000000   -3.955317e-03
   43.031250   -3.949926e-03
   43.062500   -3.944548e-03
   43.093750   -3.939182e-03
   43.125000   -3.933828e-03
   43.156250   -3.928486e-03
   43.187500   -3.923155e-03
   43.218750   -3.917837e-03
   43.250000   -3.912529e-03
   43.281250   -3.907233e-03
   43.312500   -3.901949e-03
   43.343750   -3.896675e-03
   43.375000   -3.891413e-03
   43.406250   -3.886163e-03
   43.437500   -3.880924e-03
   43.468750   -3.875696e-03
   43.500000   -3.870479e-03
   43.531250   -3.865275e-03
   43.562500   -3.860081e-03
   43.593750   -3.854900e-03
   43.625000   -3.849730e-03
   43.656250   -3.844572e-03
   43.687500   -3.839426e-03
   43.718750   -3.834293e-03
   43.750000   -3.829172e-03
   43.781250   -3.824063e-03
   43.812500   -3.818967e-03
   43.843750   -3.813883e-03
   43.875000   -3.808813e-03
   43.906250   -3.803756e-03
   43.937500   -3.798711e-03
   43.968750   -3.793681e-03
   44.000000   -3.788663e-03
   44.031250   -3.783659e-03
   44.062500   -3.778669e-03
   44.093750   -3.773693e-03
   44.125000   -3.768730e-03
   44.156250   -3.763781e-03
   44.187500   -3.758846e-03
   44.218750   -3.753925e-03
   44.250000   -3.749018e-03
   44.281250   -3.744125e-03
   44.312500   -3.739245e-03
   44.343750   -3.734379e-03
   44.375000   -3.729527e-03
   44.406250   -3.724689e-03
   44.437500   -3.719864e-03
   44.468750   -3.715053e-03
   44.500000   -3.710254e-03
   44.531250   -3.705469e-03
   44.562500   -3.700697e-03
   44.593750   -3.695937e-03
   44.625000   -3.691190e-03
   44.656250   -3.686456e-03
   44.687500   -3.681733e-03
   44.718750   -3.677022e-03
   44.750000   -3.672323e-03
   44.781250   -3.667635e-03
   44.812500   -3.662959e-03
   44.843750   -3.658293e-03
   44.875000   -3.653639e-03
   44.906250   -3.648995e-03
   44.937500   -3.644361e-03
   44.968750   -3.639737e-03
   45.000000   -3.635123e-03
   45.031250   -3.630519e-03
   45.062500   -3.625924e-03
   45.093750   -3.621339e-03
   45.125000   -3.616763e-03
   45.156250   -3.612197e-03
   45.187500   -3.607639e-03
   45.218750   -3.603090e-03
   45.250000   -3.598550e-03
   45.281250   -3.594019e-03
   45.312500   -3.589496e-03
   45.343750   -3.584982e-03
   45.375000   -3.580477e-03
   45.406250   -3.575981e-03
   45.437500   -3.571493e-03
   45.468750   -3.567014e-03
   45.500000   -3.562544e-03
   45.531250   -3.558083e-03
   45.562500   -3.553631e-03
   45.593750   -3.549188e-03
   45.625000   -3.544754e-03
   45.656250   -3.540330e-03
   45.687500   -3.535915e-03
   45.718750   -3.531510e-03
   45.750000   -3.527114e-03
   45.781250   -3.522729e-03
   45.812500   -3.518353e-03
   45.843750   -3.513988e-03
   45.875000   -3.509633e-03
   45.906250   -3.505289e-03
   45.937500   -3.500955e-03
   45.968750   -3.496632e-03
   46.000000   -3.492320e-03
   46.031250   -3.488019e-03
   46.062500   -3.483729e-03
   46.093750   -3.479450e-03
   46.125000   -3.475183e-03
   46.156250   -3.470927e-03
   46.187500   -3.466682e-03
   46.218750   -3.462449e-03
   46.250000   -3.458227e-03
   46.281250   -3.454016e-03
   46.312500   -3.449817e-03
   46.343750   -3.445629e-03
   46.375000   -3.441452e-03
   46.406250   -3.437287e-03
   46.437500   -3.433132e-03
   46.468750   -3.428989e-03
   46.500000   -3.424856e-03
   46.531250   -3.420734e-03
   46.562500   -3.416623e-03
   46.593750   -3.412522e-03
   46.625000   -3.408431e-03
   46.656250   -3.404350e-03
   46.687500   -3.400280e-03
   46.718750   -3.396218e-03
   46.750000   -3.392166e-03
   46.781250   -3.388124e-03
   46.812500   -3.384090e-03
   46.843750   -3.380065e-03
   46.875000   -3.376049e-03
   46.906250   -3.372041e-03
   46.937500   -3.368041e-03
   46.968750   -3.364049e-03
   47.000000   -3.360066e-03
   47.031250   -3.356089e-03
   47.062500   -3.352121e-03
   47.093750   -3.348159e-03
   47.125000   -3.344205e-03
   47.156250   -3.340258e-03
   47.187500   -3.336318e-03
   47.218750   -3.332385e-03
   47.250000   -3.328459e-03
   47.281250   -3.324539e-03
   47.312500   -3.320627e-03
   47.343750   -3.316721e-03
   47.375000   -3.312822e-03
   47.406250   -3.308929e-03
   47.437500   -3.305044e-03
   47.468750   -3.301165e-03
   47.500000   -3.297294e-03
   47.531250   -3.293429e-03
   47.562500   -3.289571e-03
   47.593750   -3.285721e-03
   47.625000   -3.281878e-03
   47.656250   -3.278042e-03
   47.687500   -3.274214e-03
   47.718750   -3.270394e-03
   47.750000   -3.266582e-03
   47.781250   -3.262777e-03
   47.812500   -3.258981e-03
   47.843750   -3.255193e-03
   47.875000   -3.251414e-03
   47.906250   -3.247643e-03
   47.937500   -3.243881e-03
   47.968750   -3.240128e-03
   48.000000   -3.236383e-03
   48.031250   -3.232648e-03
   48.062500   -3.228922e-03
   48.093750   -3.225206e-03
   48.125000   -3.221498e-03
   48.156250   -3.217801e-03
   48.187500   -3.214112e-03
   48.218750   -3.210433e-03
   48.250000   -3.206764e-03
   48.281250   -3.203104e-03
   48.312500   -3.199454e-03
   48.343750   -3.195813e-03
   48.375000   -3.192181e-03
   48.406250   -3.188559e-03
   48.437500   -3.184946e-03
   48.468750   -3.181343e-03
   48.500000   -3.177748e-03
   48.531250   -3.174162e-03
   48.562500   -3.170585e-03
   48.593750   -3.167017e-03
   48.625000   -3.163457e-03
   48.656250   -3.159905e-03
   48.687500   -3.156362e-03
   48.718750   -3.152826e-03
   48.750000   -3.149298e-03
   48.781250   -3.145778e-03
   48.812500   -3.142265e-03
   48.843750   -3.138759e-03
   48.875000   -3.135260e-03
   48.906250   -3.131768e-03
   48.937500   -3.128283e-03
   48.968750   -3.124804e-03
   49.000000   -3.121331e-03
   49.031250   -3.117864e-03
   49.062500   -3.114404e-03
   49.093750   -3.110949e-03
   49.125000   -3.107500e-03
   49.156250   -3.104056e-03
   49.187500   -3.100618e-03
   49.218750   -3.097186e-03
   49.250000   -3.093758e-03
   49.281250   -3.090337e-03
   49.312500   -3.086920e-03
   49.343750   -3.083509e-03
   49.375000   -3.080103e-03
   49.406250   -3.076703e-03
   49.437500   -3.073307e-03
   49.468750   -3.069918e-03
   49.500000   -3.066533e-03
   49.531250   -3.063155e-03
   49.562500   -3.059782e-03
   49.593750   -3.056415e-03
   49.625000   -3.053053e-03
   49.656250   -3.049698e-03
   49.687500   -3.046349e-03
   49.718750   -3.043006e-03
   49.750000   -3.039670e-03
   49.781250   -3.036340e-03
   49.812500   -3.033017e-03
   49.843750   -3.029700e-03
   49.875000   -3.026391e-03
   49.906250   -3.023089e-03
   49.937500   -3.019794e-03
   49.968750   -3.016506e-03
