Source Location (kilometers) : (0, 0, 0).
Receiver Location (kilometers) : (350, 0, 0).
theta = 18.0303, phi = 90,  c0(zground) = 0.340322 km/s
# x [km]	y [km]	z [km]	Geo. Atten. [dB]	Atmo. Atten. [dB]	Travel Time [s]	  rho  	   c [km/s]  	   u [km/s]  	   v [km/s]  	   w [km/s]  	Slowness_x [s/km]	Slowness_y [s/km]	Slowness_z [s/km]	Jacobian [km^2/rad^2]
0.0305135	-1.68961e-19	0.00993739	7.88429	-1.64887e-09	0.0943003	0.00122391	0.340288	-9.97113e-09	1.22111e-24	0	2.7941	-1.54717e-17	0.910429	-0.000979156
0.0805126	-4.45819e-19	0.0262429	-0.550238	-4.34548e-09	0.24886	0.00122211	0.340233	-2.6326e-08	3.224e-24	0	2.7941	-1.54717e-17	0.911965	-0.00681705
0.161615	-8.94902e-19	0.0527499	-6.6141	-8.70632e-09	0.499674	0.00121919	0.340144	-5.28745e-08	6.47525e-24	0	2.7941	-1.54717e-17	0.914457	-0.0274682
0.291081	-1.61179e-18	0.095214	-11.7433	-1.56359e-08	0.900332	0.00121452	0.34	-9.52087e-08	1.16597e-23	0	2.7941	-1.54717e-17	0.918438	-0.0891036
0.492765	-2.72855e-18	0.161733	-16.3449	-2.63612e-08	1.52516	0.0012072	0.339776	-1.6031e-07	1.96323e-23	0	2.7941	-1.54717e-17	0.92464	-0.255355
0.795975	-4.40749e-18	0.262579	-20.5543	-4.23552e-08	2.46607	0.00119614	0.339436	-2.50501e-07	3.06775e-23	0	2.7941	-1.54717e-17	0.933964	-0.666278
1.23033	-6.81257e-18	0.408807	-24.4014	-6.50817e-08	3.81726	0.00118015	0.338945	-3.54817e-07	4.34526e-23	0	2.7941	-1.54717e-17	0.947349	-1.59181
1.81643	-1.00579e-17	0.609423	-27.8748	-9.56293e-08	5.64675	0.00115831	0.338274	-4.52574e-07	5.54243e-23	0	2.7941	-1.54717e-17	0.965429	-3.46942
2.55666	-1.41566e-17	0.868222	-30.9606	-1.34512e-07	7.96785	0.00113034	0.337412	-5.35997e-07	6.56407e-23	0	2.7941	-1.54717e-17	0.988322	-6.87256
3.43308	-1.90094e-17	1.18249	-33.6648	-1.81915e-07	10.7316	0.00109669	0.336371	-6.17574e-07	7.56309e-23	0	2.7941	-1.54717e-17	1.0155	-12.3899
4.41471	-2.44446e-17	1.54461	-36.0176	-2.38312e-07	13.8476	0.00105841	0.335181	-7.12651e-07	8.72745e-23	0	2.7941	-1.54717e-17	1.046	-20.4825
5.46833	-3.02785e-17	1.94523	-38.0664	-3.05145e-07	17.2172	0.00101675	0.333875	-8.30618e-07	1.01721e-22	0	2.7941	-1.54717e-17	1.07883	-31.4142
6.56622	-3.63575e-17	2.37587	-39.8634	-3.85386e-07	20.7568	0.000972829	0.332485	-9.77442e-07	1.19702e-22	0	2.7941	-1.54717e-17	1.11312	-45.2726
7.68856	-4.25717e-17	2.83004	-41.4572	-4.84141e-07	24.4063	0.000927565	0.331036	-1.15886e-06	1.41919e-22	0	2.7941	-1.54717e-17	1.14822	-62.0334
8.8226	-4.88506e-17	3.30328	-42.8892	-6.09611e-07	28.1267	0.000881632	0.329544	-1.38181e-06	1.69222e-22	0	2.7941	-1.54717e-17	1.18374	-81.622
9.96066	-5.51517e-17	3.79268	-44.1925	-7.74826e-07	31.8947	0.000835529	0.328022	-1.65503e-06	2.02683e-22	0	2.7941	-1.54717e-17	1.21938	-103.946
11.0984	-6.14506e-17	4.29644	-45.3934	-1.0008e-06	35.6968	0.000789626	0.326478	-1.98954e-06	2.43649e-22	0	2.7941	-1.54717e-17	1.25501	-128.916
12.2332	-6.77337e-17	4.8134	-46.512	-1.32231e-06	39.5257	0.000744215	0.324919	-2.39909e-06	2.93804e-22	0	2.7941	-1.54717e-17	1.29048	-156.445
13.364	-7.39938e-17	5.34279	-47.564	-1.79837e-06	43.3777	0.000699535	0.323349	-2.90074e-06	3.55238e-22	0	2.7941	-1.54717e-17	1.32573	-186.457
14.4899	-8.02269e-17	5.88407	-48.5618	-2.53062e-06	47.2508	0.000655791	0.321773	-3.51563e-06	4.3054e-22	0	2.7941	-1.54717e-17	1.36069	-218.874
15.6107	-8.64311e-17	6.43682	-49.515	-3.69325e-06	51.144	0.000613161	0.320197	-4.2698e-06	5.229e-22	0	2.7941	-1.54717e-17	1.3953	-253.623
16.7261	-9.26052e-17	7.00067	-50.4312	-5.57323e-06	55.057	0.0005718	0.318623	-5.19536e-06	6.36248e-22	0	2.7941	-1.54717e-17	1.42951	-290.631
17.8361	-9.8749e-17	7.5753	-51.3166	-8.60105e-06	58.9897	0.000531843	0.317057	-6.33174e-06	7.75415e-22	0	2.7941	-1.54717e-17	1.46326	-329.824
18.9407	-1.04862e-16	8.16036	-52.176	-1.33226e-05	62.9418	0.000493409	0.315503	-7.72732e-06	9.46324e-22	0	2.7941	-1.54717e-17	1.49648	-371.124
20.0399	-1.10945e-16	8.75552	-53.0136	-2.02687e-05	66.9135	0.000456592	0.313965	-9.44133e-06	1.15623e-21	0	2.7941	-1.54717e-17	1.52913	-414.457
21.1337	-1.16997e-16	9.36046	-53.8326	-2.97783e-05	70.9046	0.00042147	0.312447	-1.15461e-05	1.41399e-21	0	2.7941	-1.54717e-17	1.56113	-459.745
22.2223	-1.23019e-16	9.97483	-54.6356	-4.19196e-05	74.9151	0.0003881	0.310956	-1.41299e-05	1.73041e-21	0	2.7941	-1.54717e-17	1.59241	-506.903
23.3057	-1.2901e-16	10.5983	-55.425	-5.65604e-05	78.9446	0.00035652	0.309494	-1.72998e-05	2.11862e-21	0	2.7941	-1.54717e-17	1.62293	-555.855
24.3841	-1.34973e-16	11.2304	-56.2025	-7.34928e-05	82.993	0.000326749	0.308067	-2.1186e-05	2.59454e-21	0	2.7941	-1.54717e-17	1.65259	-606.516
25.4575	-1.40905e-16	11.8709	-56.9695	-9.25221e-05	87.0601	0.000298791	0.30668	-2.59454e-05	3.1774e-21	0	2.7941	-1.54717e-17	1.68133	-658.8
26.5262	-1.46809e-16	12.5194	-57.7274	-0.000113503	91.1453	0.000272631	0.305338	-3.17674e-05	3.89038e-21	0	2.7941	-1.54717e-17	1.70908	-712.626
27.5902	-1.52684e-16	13.1754	-58.4772	-0.000136341	95.2483	0.000248243	0.304044	-3.8879e-05	4.7613e-21	0	2.7941	-1.54717e-17	1.73576	-767.909
28.6497	-1.5853e-16	13.8386	-59.2195	-0.000160986	99.3685	0.000225585	0.302803	-4.75519e-05	5.82344e-21	0	2.7941	-1.54717e-17	1.76132	-824.567
29.705	-1.64348e-16	14.5086	-59.9552	-0.000187417	103.505	0.000204605	0.30162	-5.81098e-05	7.11639e-21	0	2.7941	-1.54717e-17	1.78567	-882.513
30.7562	-1.70137e-16	15.185	-60.6845	-0.000215632	107.658	0.000185243	0.3005	-7.09359e-05	8.68714e-21	0	2.7941	-1.54717e-17	1.80875	-941.664
31.8036	-1.75899e-16	15.8673	-61.408	-0.000245632	111.826	0.000167428	0.299446	-8.64833e-05	1.05912e-20	0	2.7941	-1.54717e-17	1.83048	-1001.94
32.8473	-1.81631e-16	16.5551	-62.1258	-0.000277422	116.009	0.000151087	0.298461	-0.000105283	1.28935e-20	0	2.7941	-1.54717e-17	1.85084	-1063.26
33.8876	-1.87335e-16	17.2481	-62.8382	-0.000310995	120.205	0.000136139	0.29755	-0.000127959	1.56704e-20	0	2.7941	-1.54717e-17	1.86974	-1125.54
34.9247	-1.93008e-16	17.9459	-63.5453	-0.000346328	124.413	0.000122504	0.296715	-0.000155232	1.90104e-20	0	2.7941	-1.54717e-17	1.88715	-1188.73
35.959	-1.98651e-16	18.6479	-64.2471	-0.000383375	128.634	0.000110097	0.295961	-0.000187937	2.30157e-20	0	2.7941	-1.54717e-17	1.90302	-1252.74
36.9906	-2.0426e-16	19.3538	-64.9436	-0.000422052	132.864	9.88352e-05	0.295287	-0.000227038	2.7804e-20	0	2.7941	-1.54717e-17	1.91733	-1317.51
38.0198	-2.09836e-16	20.0631	-65.6348	-0.000462218	137.105	8.86358e-05	0.294699	-0.000273628	3.35098e-20	0	2.7941	-1.54717e-17	1.93004	-1382.98
39.0469	-2.15374e-16	20.7756	-66.3206	-0.000503652	141.354	7.94181e-05	0.294196	-0.000328958	4.02856e-20	0	2.7941	-1.54717e-17	1.94117	-1449.11
40.0721	-2.20871e-16	21.4907	-67.001	-0.000546032	145.61	7.1104e-05	0.29378	-0.000394432	4.83039e-20	0	2.7941	-1.54717e-17	1.95069	-1515.84
41.0958	-2.26324e-16	22.2081	-67.6757	-0.000588934	149.873	6.36182e-05	0.293452	-0.000471627	5.77577e-20	0	2.7941	-1.54717e-17	1.95861	-1583.14
42.118	-2.31727e-16	22.9275	-68.3448	-0.000631861	154.14	5.68895e-05	0.293212	-0.000562301	6.8862e-20	0	2.7941	-1.54717e-17	1.96497	-1650.97
43.1392	-2.37075e-16	23.6484	-69.008	-0.00067432	158.412	5.08502e-05	0.293061	-0.000668395	8.18548e-20	0	2.7941	-1.54717e-17	1.96979	-1719.32
44.1595	-2.4236e-16	24.3706	-69.6653	-0.000715915	162.686	4.54371e-05	0.292997	-0.000792039	9.69967e-20	0	2.7941	-1.54717e-17	1.97312	-1788.18
45.1791	-2.47575e-16	25.0936	-70.3166	-0.000756449	166.963	4.05908e-05	0.293021	-0.000935559	1.14573e-19	0	2.7941	-1.54717e-17	1.97501	-1857.55
46.1984	-2.52711e-16	25.8173	-70.9618	-0.000795981	171.24	3.62567e-05	0.29313	-0.00110147	1.34891e-19	0	2.7941	-1.54717e-17	1.97555	-1927.44
47.2174	-2.57756e-16	26.5412	-71.6008	-0.000834849	175.517	3.2384e-05	0.293323	-0.00129246	1.58281e-19	0	2.7941	-1.54717e-17	1.97481	-1997.9
48.2363	-2.62698e-16	27.2653	-72.2336	-0.000873652	179.794	2.89262e-05	0.293597	-0.00151143	1.85096e-19	0	2.7941	-1.54717e-17	1.97287	-2068.95
49.2553	-2.67524e-16	27.9892	-72.8602	-0.000913227	184.068	2.58408e-05	0.293951	-0.00176138	2.15707e-19	0	2.7941	-1.54717e-17	1.96984	-2140.65
50.2746	-2.72219e-16	28.7128	-73.4805	-0.000954652	188.34	2.30891e-05	0.294382	-0.00204553	2.50505e-19	0	2.7941	-1.54717e-17	1.96584	-2213.08
51.2942	-2.76765e-16	29.4359	-74.0946	-0.000999278	192.609	2.06356e-05	0.294887	-0.00236718	2.89895e-19	0	2.7941	-1.54717e-17	1.96097	-2286.32
52.3143	-2.81144e-16	30.1584	-74.7025	-0.00104883	196.874	1.84487e-05	0.295462	-0.00272974	3.34297e-19	0	2.7941	-1.54717e-17	1.95536	-2360.48
53.3348	-2.85336e-16	30.8802	-75.3044	-0.00110776	201.134	1.64997e-05	0.296105	-0.0031367	3.84135e-19	0	2.7941	-1.54717e-17	1.94915	-2435.68
54.3559	-2.89318e-16	31.6013	-75.9004	-0.00117995	205.39	1.47626e-05	0.29681	-0.0035916	4.39844e-19	0	2.7941	-1.54717e-17	1.94247	-2512.06
55.3775	-2.93066e-16	32.3216	-76.4906	-0.00126826	209.642	1.32141e-05	0.297576	-0.00409795	5.01854e-19	0	2.7941	-1.54717e-17	1.93545	-2589.77
56.3996	-2.96554e-16	33.0411	-77.0753	-0.00137559	213.888	1.18337e-05	0.298397	-0.00465927	5.70597e-19	0	2.7941	-1.54717e-17	1.92824	-2668.98
57.4222	-2.99755e-16	33.76	-77.6546	-0.00150444	218.128	1.06026e-05	0.299271	-0.00527899	6.4649e-19	0	2.7941	-1.54717e-17	1.92096	-2749.89
58.4452	-3.02639e-16	34.4783	-78.2288	-0.00165641	222.364	9.50422e-06	0.300194	-0.00596044	7.29943e-19	0	2.7941	-1.54717e-17	1.91376	-2832.68
59.4685	-3.05175e-16	35.1962	-78.7981	-0.00183147	226.594	8.5239e-06	0.301161	-0.00670674	8.21339e-19	0	2.7941	-1.54717e-17	1.90676	-2917.58
60.492	-3.0733e-16	35.9139	-79.3629	-0.00202785	230.82	7.64847e-06	0.302168	-0.00752086	9.21041e-19	0	2.7941	-1.54717e-17	1.9001	-3004.82
61.5154	-3.0907e-16	36.6315	-79.9235	-0.00224212	235.041	6.86626e-06	0.303212	-0.00840548	1.02937e-18	0	2.7941	-1.54717e-17	1.8939	-3094.62
62.5387	-3.10359e-16	37.3494	-80.4801	-0.00246974	239.258	6.1669e-06	0.304289	-0.00936294	1.14663e-18	0	2.7941	-1.54717e-17	1.88827	-3187.23
63.5616	-3.1116e-16	38.0678	-81.0332	-0.00270592	243.471	5.54123e-06	0.305395	-0.0103952	1.27305e-18	0	2.7941	-1.54717e-17	1.88333	-3282.9
64.5839	-3.11434e-16	38.7871	-81.583	-0.00294631	247.68	4.98107e-06	0.306526	-0.0115039	1.40882e-18	0	2.7941	-1.54717e-17	1.87916	-3381.87
65.6054	-3.11143e-16	39.5077	-82.13	-0.00318734	251.887	4.47924e-06	0.307678	-0.0126899	1.55406e-18	0	2.7941	-1.54717e-17	1.87587	-3484.38
66.6257	-3.10247e-16	40.2298	-82.6744	-0.00342637	256.092	4.02933e-06	0.308848	-0.0139536	1.70883e-18	0	2.7941	-1.54717e-17	1.87351	-3590.66
67.6446	-3.08705e-16	40.9539	-83.2166	-0.00366163	260.295	3.62571e-06	0.310031	-0.0152949	1.87307e-18	0	2.7941	-1.54717e-17	1.87216	-3700.97
68.6618	-3.06477e-16	41.6804	-83.757	-0.00389196	264.497	3.26335e-06	0.311224	-0.0167125	2.04669e-18	0	2.7941	-1.54717e-17	1.87186	-3815.48
69.677	-3.03524e-16	42.4097	-84.2958	-0.00411668	268.699	2.93783e-06	0.312422	-0.0182047	2.22943e-18	0	2.7941	-1.54717e-17	1.87266	-3934.4
70.6898	-2.99805e-16	43.1423	-84.8334	-0.00433542	272.901	2.64522e-06	0.313622	-0.0197684	2.42093e-18	0	2.7941	-1.54717e-17	1.87457	-4057.89
71.6999	-2.95284e-16	43.8786	-85.3701	-0.00454796	277.105	2.38206e-06	0.314819	-0.0213996	2.6207e-18	0	2.7941	-1.54717e-17	1.87759	-4186.05
72.7071	-2.89923e-16	44.619	-85.9061	-0.00475418	281.31	2.14525e-06	0.316009	-0.0230931	2.82809e-18	0	2.7941	-1.54717e-17	1.88171	-4318.96
73.7108	-2.8369e-16	45.3639	-86.4418	-0.00495399	285.519	1.93205e-06	0.317187	-0.0248423	3.04231e-18	0	2.7941	-1.54717e-17	1.8869	-4456.67
74.711	-2.76554e-16	46.1138	-86.9772	-0.0051473	289.73	1.74004e-06	0.318348	-0.0266391	3.26235e-18	0	2.7941	-1.54717e-17	1.8931	-4599.09
75.7072	-2.68488e-16	46.8688	-87.5126	-0.00533402	293.946	1.56706e-06	0.319487	-0.028474	3.48706e-18	0	2.7941	-1.54717e-17	1.90025	-4746.16
76.6991	-2.59473e-16	47.6294	-88.0482	-0.00551402	298.166	1.41119e-06	0.320598	-0.0303357	3.71506e-18	0	2.7941	-1.54717e-17	1.90825	-4897.69
77.6866	-2.49491e-16	48.3958	-88.5841	-0.00568718	302.391	1.27071e-06	0.321677	-0.0322115	3.94477e-18	0	2.7941	-1.54717e-17	1.91702	-5053.43
78.6694	-2.38536e-16	49.1682	-89.1204	-0.00585332	306.621	1.1441e-06	0.322716	-0.0340868	4.17442e-18	0	2.7941	-1.54717e-17	1.92642	-5213.05
79.6474	-2.26606e-16	49.9467	-89.6572	-0.00601228	310.857	1.02999e-06	0.323708	-0.0359454	4.40204e-18	0	2.7941	-1.54717e-17	1.93633	-5376.16
80.6204	-2.1371e-16	50.7314	-90.1946	-0.00616389	315.099	9.27153e-07	0.324649	-0.0377698	4.62547e-18	0	2.7941	-1.54717e-17	1.94659	-5542.25
81.5884	-1.99865e-16	51.5223	-90.7327	-0.00630799	319.348	8.34491e-07	0.325529	-0.0395412	4.8424e-18	0	2.7941	-1.54717e-17	1.95706	-5710.77
82.5513	-1.851e-16	52.3193	-91.2715	-0.00644443	323.602	7.51014e-07	0.326342	-0.0412394	5.05037e-18	0	2.7941	-1.54717e-17	1.96757	-5881.07
83.5093	-1.69455e-16	53.1222	-91.811	-0.00657309	327.863	6.75833e-07	0.32708	-0.0428438	5.24686e-18	0	2.7941	-1.54717e-17	1.97797	-6052.5
84.4626	-1.52981e-16	53.9308	-92.3512	-0.00669389	332.13	6.08143e-07	0.327736	-0.0443338	5.42932e-18	0	2.7941	-1.54717e-17	1.98808	-6224.31
85.4113	-1.3574e-16	54.7447	-92.8922	-0.00680677	336.403	5.47217e-07	0.328301	-0.0456883	5.5952e-18	0	2.7941	-1.54717e-17	1.99776	-6395.77
86.3558	-1.17806e-16	55.5635	-93.434	-0.00691176	340.681	4.92397e-07	0.328768	-0.0468877	5.74209e-18	0	2.7941	-1.54717e-17	2.00688	-6566.14
87.2964	-9.92637e-17	56.3868	-93.9766	-0.00700892	344.965	4.43086e-07	0.32913	-0.0479133	5.86769e-18	0	2.7941	-1.54717e-17	2.01532	-6734.69
88.2336	-8.0208e-17	57.2139	-94.52	-0.00709837	349.254	3.98745e-07	0.329379	-0.0487486	5.96999e-18	0	2.7941	-1.54717e-17	2.02296	-6900.73
89.1679	-6.07422e-17	58.0444	-95.0644	-0.00718031	353.547	3.58881e-07	0.329508	-0.0493795	6.04724e-18	0	2.7941	-1.54717e-17	2.02978	-7063.7
90.0998	-4.09765e-17	58.8775	-95.6097	-0.00725498	357.845	3.23048e-07	0.329509	-0.0497946	6.09809e-18	0	2.7941	-1.54717e-17	2.03574	-7223.08
91.0299	-2.10267e-17	59.7126	-96.1562	-0.00732271	362.146	2.90843e-07	0.329379	-0.0499865	6.12158e-18	0	2.7941	-1.54717e-17	2.04082	-7378.46
91.9587	-1.01174e-18	60.5491	-96.7038	-0.00738388	366.45	2.619e-07	0.32911	-0.0499508	6.11721e-18	0	2.7941	-1.54717e-17	2.04509	-7529.62
92.8869	1.89485e-17	61.3863	-97.2529	-0.00743891	370.757	2.35886e-07	0.328699	-0.0496872	6.08493e-18	0	2.7941	-1.54717e-17	2.04863	-7676.45
93.815	3.87352e-17	62.2237	-97.8037	-0.00748827	375.067	2.12499e-07	0.328142	-0.0491992	6.02516e-18	0	2.7941	-1.54717e-17	2.05155	-7818.99
94.7434	5.82326e-17	63.0606	-98.3564	-0.00753249	379.379	1.91469e-07	0.327435	-0.0484938	5.93877e-18	0	2.7941	-1.54717e-17	2.05403	-7957.5
95.6727	7.73303e-17	63.8966	-98.9113	-0.00757211	383.694	1.7255e-07	0.326577	-0.0475815	5.82705e-18	0	2.7941	-1.54717e-17	2.05623	-8092.28
96.6032	9.5925e-17	64.7313	-99.469	-0.0076077	388.011	1.55521e-07	0.325565	-0.0464757	5.69162e-18	0	2.7941	-1.54717e-17	2.0584	-8223.95
97.5352	1.13922e-16	65.5643	-100.03	-0.00763985	392.331	1.40186e-07	0.324401	-0.0451922	5.53445e-18	0	2.7941	-1.54717e-17	2.06077	-8353.15
98.469	1.31235e-16	66.3953	-100.594	-0.00766914	396.653	1.26365e-07	0.323083	-0.0437491	5.35772e-18	0	2.7941	-1.54717e-17	2.06359	-8480.67
99.4046	1.47789e-16	67.2243	-101.162	-0.00769616	400.98	1.13898e-07	0.321614	-0.0421656	5.1638e-18	0	2.7941	-1.54717e-17	2.06715	-8607.39
100.342	1.63522e-16	68.0511	-101.735	-0.00772149	405.31	1.02645e-07	0.319995	-0.0404621	4.95517e-18	0	2.7941	-1.54717e-17	2.0717	-8734.3
101.281	1.78379e-16	68.8759	-102.314	-0.00774572	409.645	9.24771e-08	0.318227	-0.038659	4.73435e-18	0	2.7941	-1.54717e-17	2.07755	-8862.44
102.222	1.92319e-16	69.6987	-102.899	-0.00776939	413.987	8.3282e-08	0.316315	-0.036777	4.50388e-18	0	2.7941	-1.54717e-17	2.08496	-8992.83
103.165	2.05311e-16	70.5199	-103.49	-0.00779307	418.336	7.49589e-08	0.314262	-0.0348362	4.26621e-18	0	2.7941	-1.54717e-17	2.09418	-9126.45
104.108	2.17333e-16	71.3398	-104.088	-0.00781729	422.694	6.74188e-08	0.312072	-0.032856	4.0237e-18	0	2.7941	-1.54717e-17	2.10545	-9264.29
105.053	2.28375e-16	72.1588	-104.695	-0.00784255	427.062	6.05828e-08	0.309751	-0.0308548	3.77863e-18	0	2.7941	-1.54717e-17	2.11899	-9407.27
105.997	2.38434e-16	72.9774	-105.311	-0.00786935	431.443	5.43808e-08	0.307304	-0.02885	3.5331e-18	0	2.7941	-1.54717e-17	2.13499	-9556.19
106.942	2.47515e-16	73.7961	-105.936	-0.00789816	435.837	4.87512e-08	0.304737	-0.0268571	3.28905e-18	0	2.7941	-1.54717e-17	2.15363	-9711.74
107.886	2.55631e-16	74.6156	-106.571	-0.00792937	440.248	4.36392e-08	0.302059	-0.024891	3.04827e-18	0	2.7941	-1.54717e-17	2.17502	-9874.48
108.829	2.62801e-16	75.4364	-107.217	-0.00796335	444.677	3.89966e-08	0.299278	-0.0229648	2.81238e-18	0	2.7941	-1.54717e-17	2.19923	-10044.7
109.77	2.69048e-16	76.2591	-107.874	-0.00800036	449.127	3.4781e-08	0.296403	-0.0210903	2.58281e-18	0	2.7941	-1.54717e-17	2.22631	-10222.7
110.708	2.74402e-16	77.0845	-108.543	-0.00804058	453.6	3.09544e-08	0.293447	-0.0192777	2.36084e-18	0	2.7941	-1.54717e-17	2.25624	-10408.4
111.644	2.78896e-16	77.913	-109.224	-0.00808415	458.097	2.74837e-08	0.290423	-0.0175363	2.14757e-18	0	2.7941	-1.54717e-17	2.28895	-10601.6
112.577	2.82567e-16	78.7452	-109.917	-0.00813119	462.623	2.4339e-08	0.287348	-0.0158735	1.94395e-18	0	2.7941	-1.54717e-17	2.32427	-10801.9
113.506	2.85454e-16	79.5817	-110.623	-0.00818194	467.178	2.14938e-08	0.284238	-0.0142958	1.75073e-18	0	2.7941	-1.54717e-17	2.36202	-11008.7
114.431	2.87598e-16	80.4228	-111.341	-0.00823688	471.765	1.89243e-08	0.281115	-0.0128083	1.56856e-18	0	2.7941	-1.54717e-17	2.40189	-11221.1
115.351	2.89042e-16	81.269	-112.072	-0.00829677	476.386	1.66091e-08	0.278001	-0.0114146	1.39789e-18	0	2.7941	-1.54717e-17	2.4435	-11438.1
116.266	2.89831e-16	82.1205	-112.814	-0.00836273	481.042	1.45285e-08	0.274923	-0.0101174	1.23902e-18	0	2.7941	-1.54717e-17	2.48639	-11658.3
117.176	2.90009e-16	82.9774	-113.569	-0.00843626	485.734	1.26644e-08	0.271911	-0.00891797	1.09214e-18	0	2.7941	-1.54717e-17	2.52996	-11880.4
118.081	2.8962e-16	83.8398	-114.334	-0.00851918	490.463	1.10002e-08	0.268997	-0.00781641	9.57234e-19	0	2.7941	-1.54717e-17	2.57355	-12102.7
118.98	2.8871e-16	84.7077	-115.109	-0.00861372	495.228	9.52017e-09	0.266214	-0.00681175	8.342e-19	0	2.7941	-1.54717e-17	2.61641	-12323.5
119.875	2.87321e-16	85.5808	-115.892	-0.0087225	500.03	8.20936e-09	0.263599	-0.00590195	7.2278e-19	0	2.7941	-1.54717e-17	2.65769	-12541
120.764	2.85496e-16	86.4588	-116.683	-0.00884861	504.867	7.05369e-09	0.26119	-0.00508398	6.22607e-19	0	2.7941	-1.54717e-17	2.69644	-12753
121.65	2.83276e-16	87.3412	-117.48	-0.00899572	509.736	6.03963e-09	0.259026	-0.00435393	5.33203e-19	0	2.7941	-1.54717e-17	2.7317	-12957.8
122.531	2.80699e-16	88.2274	-118.281	-0.00916815	514.634	5.15423e-09	0.257145	-0.00370721	4.54002e-19	0	2.7941	-1.54717e-17	2.76245	-13153.2
123.41	2.77801e-16	89.1167	-119.083	-0.00937104	519.557	4.38507e-09	0.255581	-0.00313854	3.84361e-19	0	2.7941	-1.54717e-17	2.78774	-13337.4
124.286	2.74617e-16	90.0082	-119.885	-0.00961045	524.499	3.72028e-09	0.254369	-0.00264226	3.23583e-19	0	2.7941	-1.54717e-17	2.80663	-13508.4
125.161	2.71176e-16	90.9011	-120.684	-0.00989369	529.455	3.14861e-09	0.253536	-0.00221235	2.70936e-19	0	2.7941	-1.54717e-17	2.81828	-13664.6
126.035	2.67507e-16	91.7942	-121.478	-0.0102294	534.418	2.65941e-09	0.253106	-0.00184269	2.25664e-19	0	2.7941	-1.54717e-17	2.82204	-13804.3
126.911	2.63634e-16	92.6864	-122.264	-0.0106275	539.381	2.24276e-09	0.253093	-0.00152711	1.87017e-19	0	2.7941	-1.54717e-17	2.81742	-13926.2
127.789	2.5958e-16	93.5764	-123.04	-0.0110996	544.335	1.88945e-09	0.253506	-0.0012596	1.54257e-19	0	2.7941	-1.54717e-17	2.80414	-14029
128.67	2.55361e-16	94.4631	-123.803	-0.0116593	549.275	1.59106e-09	0.254347	-0.00103438	1.26676e-19	0	2.7941	-1.54717e-17	2.78214	-14111.7
129.555	2.50995e-16	95.345	-124.551	-0.0123218	554.19	1.33993e-09	0.255605	-0.000846004	1.03606e-19	0	2.7941	-1.54717e-17	2.75163	-14173.7
130.447	2.46494e-16	96.2209	-125.282	-0.0131048	559.076	1.12924e-09	0.257268	-0.00068941	8.44284e-20	0	2.7941	-1.54717e-17	2.71294	-14214.2
131.346	2.4187e-16	97.0895	-125.994	-0.0140281	563.925	9.52895e-10	0.259312	-0.000559996	6.85798e-20	0	2.7941	-1.54717e-17	2.66667	-14233.1
132.254	2.37129e-16	97.9492	-126.685	-0.0151139	568.73	8.05598e-10	0.261709	-0.000453622	5.55526e-20	0	2.7941	-1.54717e-17	2.6135	-14230.2
133.17	2.3228e-16	98.799	-127.353	-0.0163864	573.488	6.82723e-10	0.264427	-0.000366617	4.48977e-20	0	2.7941	-1.54717e-17	2.55423	-14205.5
134.097	2.27328e-16	99.6373	-127.998	-0.0178726	578.193	5.80296e-10	0.26743	-0.000295774	3.62219e-20	0	2.7941	-1.54717e-17	2.48968	-14159.5
135.036	2.22276e-16	100.463	-128.617	-0.0196012	582.843	4.94926e-10	0.270678	-0.000238321	2.91858e-20	0	2.7941	-1.54717e-17	2.42075	-14092.4
135.986	2.17129e-16	101.275	-129.211	-0.0216031	587.435	4.23746e-10	0.274132	-0.000191887	2.34994e-20	0	2.7941	-1.54717e-17	2.34825	-14004.9
136.949	2.11888e-16	102.072	-129.777	-0.0239108	591.967	3.64341e-10	0.277754	-0.00015447	1.89171e-20	0	2.7941	-1.54717e-17	2.27297	-13897.6
137.925	2.06557e-16	102.853	-130.316	-0.0265582	596.439	3.14693e-10	0.281506	-0.000124391	1.52335e-20	0	2.7941	-1.54717e-17	2.19563	-13771.1
138.915	2.01136e-16	103.617	-130.827	-0.0295802	600.851	2.73125e-10	0.28535	-0.000100258	1.2278e-20	0	2.7941	-1.54717e-17	2.11688	-13626.4
139.918	1.95628e-16	104.363	-131.31	-0.033012	605.203	2.38245e-10	0.289254	-8.09195e-05	9.90978e-21	0	2.7941	-1.54717e-17	2.03727	-13464
140.934	1.90034e-16	105.09	-131.764	-0.0368891	609.496	2.08904e-10	0.293184	-6.54377e-05	8.01381e-21	0	2.7941	-1.54717e-17	1.95729	-13285
141.965	1.84357e-16	105.797	-132.19	-0.0412462	613.732	1.84152e-10	0.297113	-5.30471e-05	6.4964e-21	0	2.7941	-1.54717e-17	1.87735	-13090.2
143.009	1.78597e-16	106.484	-132.588	-0.046117	617.912	1.63211e-10	0.301016	-4.31293e-05	5.28181e-21	0	2.7941	-1.54717e-17	1.79775	-12880.3
144.067	1.72758e-16	107.15	-132.957	-0.0515336	622.039	1.45438e-10	0.304868	-3.5186e-05	4.30903e-21	0	2.7941	-1.54717e-17	1.71878	-12656.2
145.139	1.66841e-16	107.794	-133.299	-0.0575259	626.114	1.30306e-10	0.308652	-2.88175e-05	3.52912e-21	0	2.7941	-1.54717e-17	1.64062	-12418.7
146.223	1.60849e-16	108.416	-133.613	-0.0641213	630.14	1.17379e-10	0.312349	-2.37044e-05	2.90295e-21	0	2.7941	-1.54717e-17	1.56342	-12168.4
147.32	1.54784e-16	109.015	-133.899	-0.071344	634.119	1.06301e-10	0.315943	-1.95919e-05	2.39932e-21	0	2.7941	-1.54717e-17	1.48732	-11906.2
148.43	1.48649e-16	109.59	-134.158	-0.0792144	638.054	9.67779e-11	0.319424	-1.62771e-05	1.99337e-21	0	2.7941	-1.54717e-17	1.41237	-11632.7
149.551	1.42445e-16	110.142	-134.39	-0.0877495	641.947	8.85659e-11	0.32278	-1.35988e-05	1.66537e-21	0	2.7941	-1.54717e-17	1.3386	-11348.4
150.684	1.36178e-16	110.67	-134.596	-0.0969619	645.801	8.14641e-11	0.326004	-1.14291e-05	1.39966e-21	0	2.7941	-1.54717e-17	1.26604	-11053.9
151.828	1.29848e-16	111.174	-134.776	-0.10686	649.617	7.53058e-11	0.329086	-9.66635e-06	1.18379e-21	0	2.7941	-1.54717e-17	1.1947	-10749.9
152.982	1.23459e-16	111.653	-134.929	-0.117446	653.398	6.99528e-11	0.332023	-8.23e-06	1.00789e-21	0	2.7941	-1.54717e-17	1.12454	-10436.6
154.147	1.17014e-16	112.107	-135.056	-0.128721	657.147	6.529e-11	0.33481	-7.05602e-06	8.64112e-22	0	2.7941	-1.54717e-17	1.05554	-10114.6
155.321	1.10516e-16	112.537	-135.157	-0.140677	660.866	6.12212e-11	0.337442	-6.09353e-06	7.46243e-22	0	2.7941	-1.54717e-17	0.987651	-9784.32
156.504	1.03968e-16	112.941	-135.233	-0.153305	664.557	5.76662e-11	0.339918	-5.30211e-06	6.49321e-22	0	2.7941	-1.54717e-17	0.920835	-9446.12
157.695	9.73741e-17	113.319	-135.282	-0.166589	668.222	5.45579e-11	0.342236	-4.64953e-06	5.69404e-22	0	2.7941	-1.54717e-17	0.855024	-9100.26
158.894	9.07363e-17	113.672	-135.304	-0.180508	671.863	5.18398e-11	0.344395	-4.11012e-06	5.03345e-22	0	2.7941	-1.54717e-17	0.79015	-8746.93
160.101	8.40579e-17	113.999	-135.3	-0.195039	675.482	4.94647e-11	0.346393	-3.66336e-06	4.48632e-22	0	2.7941	-1.54717e-17	0.726169	-8386.58
161.314	7.73423e-17	114.301	-135.269	-0.210152	679.08	4.73925e-11	0.348231	-3.29285e-06	4.03257e-22	0	2.7941	-1.54717e-17	0.66301	-8019.41
162.533	7.05926e-17	114.577	-135.209	-0.225815	682.661	4.55899e-11	0.349907	-2.98545e-06	3.65612e-22	0	2.7941	-1.54717e-17	0.600615	-7645.73
163.758	6.38119e-17	114.826	-135.12	-0.24199	686.226	4.40286e-11	0.351423	-2.73066e-06	3.34409e-22	0	2.7941	-1.54717e-17	0.538893	-7265.45
164.987	5.70033e-17	115.05	-135	-0.258638	689.776	4.26851e-11	0.352779	-2.52005e-06	3.08617e-22	0	2.7941	-1.54717e-17	0.477788	-6878.9
166.222	5.01699e-17	115.248	-134.849	-0.275715	693.313	4.15397e-11	0.353975	-2.3469e-06	2.87411e-22	0	2.7941	-1.54717e-17	0.417225	-6486.11
167.46	4.33149e-17	115.419	-134.662	-0.293174	696.839	4.0576e-11	0.355011	-2.20583e-06	2.70136e-22	0	2.7941	-1.54717e-17	0.357132	-6087.21
168.701	3.64413e-17	115.565	-134.439	-0.310966	700.356	3.97805e-11	0.355888	-2.0926e-06	2.5627e-22	0	2.7941	-1.54717e-17	0.297462	-5682.57
169.946	2.95522e-17	115.684	-134.174	-0.32904	703.864	3.91426e-11	0.356606	-2.0039e-06	2.45406e-22	0	2.7941	-1.54717e-17	0.238121	-5272.01
171.192	2.26508e-17	115.777	-133.866	-0.347341	707.367	3.86534e-11	0.357166	-1.93716e-06	2.37234e-22	0	2.7941	-1.54717e-17	0.179118	-4857.14
172.44	1.57401e-17	115.844	-133.506	-0.365816	710.865	3.83066e-11	0.357568	-1.89052e-06	2.31523e-22	0	2.7941	-1.54717e-17	0.120266	-4435.11
173.69	8.82302e-18	115.884	-133.085	-0.384409	714.359	3.80977e-11	0.357812	-1.8627e-06	2.28115e-22	0	2.7941	-1.54717e-17	0.061524	-4006.7
174.94	1.90279e-18	115.899	-132.596	-0.403061	717.852	3.8024e-11	0.357899	-1.85293e-06	2.26919e-22	0	2.7941	-1.54717e-17	0.0028662	-3573.93
176.189	-5.0176e-18	115.887	-132.025	-0.421716	721.345	3.80845e-11	0.357828	-1.86096e-06	2.27902e-22	0	2.7941	-1.54717e-17	-0.0557872	-3137.41
177.439	-1.19351e-17	115.849	-131.348	-0.440316	724.839	3.82801e-11	0.357599	-1.88699e-06	2.3109e-22	0	2.7941	-1.54717e-17	-0.114519	-2696.65
178.687	-1.88466e-17	115.785	-130.529	-0.458805	728.336	3.86133e-11	0.357212	-1.93174e-06	2.36571e-22	0	2.7941	-1.54717e-17	-0.173361	-2250.47
179.934	-2.57491e-17	115.694	-129.509	-0.477127	731.838	3.90884e-11	0.356668	-1.99644e-06	2.44493e-22	0	2.7941	-1.54717e-17	-0.232341	-1798.39
181.178	-3.26395e-17	115.577	-128.177	-0.495225	735.346	3.97114e-11	0.355965	-2.08289e-06	2.55081e-22	0	2.7941	-1.54717e-17	-0.291643	-1341.77
182.42	-3.95147e-17	115.435	-126.273	-0.513047	738.862	4.0491e-11	0.355104	-2.19359e-06	2.68637e-22	0	2.7941	-1.54717e-17	-0.351285	-880.462
183.659	-4.63717e-17	115.266	-122.913	-0.530541	742.387	4.14378e-11	0.354083	-2.33177e-06	2.85559e-22	0	2.7941	-1.54717e-17	-0.41133	-414.435
184.893	-5.32073e-17	115.07	-114.125	-0.547657	745.923	4.25647e-11	0.352903	-2.50157e-06	3.06354e-22	0	2.7941	-1.54717e-17	-0.471845	56.092
186.124	-6.00184e-17	114.849	-123.77	-0.564349	749.472	4.3888e-11	0.351563	-2.70824e-06	3.31664e-22	0	2.7941	-1.54717e-17	-0.532893	530.969
187.349	-6.6802e-17	114.602	-126.432	-0.580572	753.035	4.5427e-11	0.350063	-2.95837e-06	3.62296e-22	0	2.7941	-1.54717e-17	-0.594551	1010.01
188.569	-7.35549e-17	114.329	-127.983	-0.596287	756.614	4.72049e-11	0.348402	-3.2602e-06	3.99259e-22	0	2.7941	-1.54717e-17	-0.656874	1492.98
189.782	-8.0274e-17	114.03	-129.047	-0.611455	760.211	4.92493e-11	0.34658	-3.62401e-06	4.43813e-22	0	2.7941	-1.54717e-17	-0.71996	1979.69
190.989	-8.69561e-17	113.705	-129.831	-0.626044	763.828	5.15932e-11	0.344597	-4.06265e-06	4.97532e-22	0	2.7941	-1.54717e-17	-0.783859	2469.85
192.189	-9.35981e-17	113.355	-130.428	-0.640024	767.467	5.42758e-11	0.342454	-4.59218e-06	5.6238e-22	0	2.7941	-1.54717e-17	-0.848641	2963.15
193.381	-1.00197e-16	112.979	-130.891	-0.653371	771.129	5.73437e-11	0.340152	-5.23265e-06	6.40815e-22	0	2.7941	-1.54717e-17	-0.914356	3459.2
194.565	-1.06749e-16	112.577	-131.249	-0.666064	774.817	6.08522e-11	0.337691	-6.0092e-06	7.35915e-22	0	2.7941	-1.54717e-17	-0.981075	3957.66
195.74	-1.13252e-16	112.15	-131.523	-0.678086	778.533	6.48674e-11	0.335074	-6.95333e-06	8.51537e-22	0	2.7941	-1.54717e-17	-1.04886	4458.08
196.905	-1.19702e-16	111.699	-131.725	-0.689428	782.279	6.94682e-11	0.332302	-8.10458e-06	9.92525e-22	0	2.7941	-1.54717e-17	-1.11775	4959.95
198.061	-1.26097e-16	111.222	-131.864	-0.700082	786.057	7.4749e-11	0.32938	-9.5127e-06	1.16497e-21	0	2.7941	-1.54717e-17	-1.18779	5462.75
199.206	-1.32432e-16	110.721	-131.948	-0.710047	789.87	8.08229e-11	0.326311	-1.12403e-05	1.37653e-21	0	2.7941	-1.54717e-17	-1.25901	5965.83
200.34	-1.38707e-16	110.195	-131.981	-0.719326	793.72	8.78256e-11	0.323101	-1.33661e-05	1.63687e-21	0	2.7941	-1.54717e-17	-1.33146	6468.59
201.463	-1.44916e-16	109.645	-131.968	-0.727927	797.609	9.59208e-11	0.319758	-1.59895e-05	1.95815e-21	0	2.7941	-1.54717e-17	-1.4051	6970.23
202.573	-1.51058e-16	109.072	-131.91	-0.735862	801.539	1.05306e-10	0.316289	-1.92355e-05	2.35568e-21	0	2.7941	-1.54717e-17	-1.47994	7469.91
203.672	-1.5713e-16	108.475	-131.811	-0.743147	805.514	1.1622e-10	0.312705	-2.32619e-05	2.84876e-21	0	2.7941	-1.54717e-17	-1.55594	7966.81
204.757	-1.6313e-16	107.856	-131.672	-0.749803	809.535	1.28951e-10	0.309017	-2.82669e-05	3.46169e-21	0	2.7941	-1.54717e-17	-1.63303	8459.98
205.83	-1.69054e-16	107.214	-131.494	-0.755853	813.606	1.4385e-10	0.305242	-3.44997e-05	4.22499e-21	0	2.7941	-1.54717e-17	-1.7111	8948.31
206.889	-1.74901e-16	106.55	-131.279	-0.761324	817.727	1.61344e-10	0.301395	-4.22729e-05	5.17692e-21	0	2.7941	-1.54717e-17	-1.79	9430.72
207.935	-1.80668e-16	105.865	-131.027	-0.766247	821.902	1.81949e-10	0.297496	-5.19774e-05	6.3654e-21	0	2.7941	-1.54717e-17	-1.86955	9906.04
208.967	-1.86354e-16	105.16	-130.739	-0.770653	826.133	2.06296e-10	0.293569	-6.41011e-05	7.85013e-21	0	2.7941	-1.54717e-17	-1.94946	10373
209.985	-1.91956e-16	104.435	-130.416	-0.774575	830.42	2.3515e-10	0.289637	-7.92497e-05	9.70529e-21	0	2.7941	-1.54717e-17	-2.02946	10830.3
210.989	-1.97472e-16	103.691	-130.058	-0.778049	834.766	2.69441e-10	0.28573	-9.81723e-05	1.20226e-20	0	2.7941	-1.54717e-17	-2.10912	11276.7
211.98	-2.02902e-16	102.928	-129.668	-0.78111	839.172	3.10298e-10	0.281878	-0.000121791	1.4915e-20	0	2.7941	-1.54717e-17	-2.18798	11710.7
212.957	-2.08242e-16	102.149	-129.244	-0.783792	843.639	3.59087e-10	0.278116	-0.000151231	1.85203e-20	0	2.7941	-1.54717e-17	-2.26549	12130.9
213.922	-2.13492e-16	101.354	-128.789	-0.786132	848.165	4.17455e-10	0.27448	-0.000187861	2.30063e-20	0	2.7941	-1.54717e-17	-2.341	12536
214.873	-2.18648e-16	100.543	-128.303	-0.788162	852.751	4.87385e-10	0.271007	-0.000233331	2.85747e-20	0	2.7941	-1.54717e-17	-2.4138	12924.7
215.813	-2.23709e-16	99.7186	-127.788	-0.789916	857.395	5.71248e-10	0.267736	-0.000289608	3.54668e-20	0	2.7941	-1.54717e-17	-2.48313	13295.7
216.741	-2.28672e-16	98.8814	-127.245	-0.791424	862.095	6.71868e-10	0.264708	-0.000359027	4.39681e-20	0	2.7941	-1.54717e-17	-2.54814	13647.8
217.659	-2.33531e-16	98.0328	-126.675	-0.792717	866.848	7.92579e-10	0.261961	-0.000444318	5.44132e-20	0	2.7941	-1.54717e-17	-2.60796	13980
218.567	-2.38282e-16	97.1739	-126.08	-0.793819	871.649	9.37295e-10	0.259531	-0.000548645	6.71896e-20	0	2.7941	-1.54717e-17	-2.66176	14291.3
219.467	-2.42919e-16	96.3062	-125.462	-0.794758	876.494	1.11057e-09	0.257451	-0.000675631	8.2741e-20	0	2.7941	-1.54717e-17	-2.70875	14581.3
220.359	-2.47432e-16	95.431	-124.824	-0.795553	881.376	1.31766e-09	0.25575	-0.000829372	1.01568e-19	0	2.7941	-1.54717e-17	-2.7482	14849.3
221.245	-2.51812e-16	94.5495	-124.167	-0.796227	886.289	1.56454e-09	0.254451	-0.00101443	1.24232e-19	0	2.7941	-1.54717e-17	-2.77953	15095.2
222.127	-2.56045e-16	93.6633	-123.494	-0.796796	891.226	1.85799e-09	0.253569	-0.00123581	1.51343e-19	0	2.7941	-1.54717e-17	-2.80238	15319.1
223.005	-2.60117e-16	92.7735	-122.808	-0.797276	896.18	2.20557e-09	0.253114	-0.00149894	1.83566e-19	0	2.7941	-1.54717e-17	-2.81651	15521.4
223.88	-2.64008e-16	91.8814	-122.111	-0.797681	901.142	2.61564e-09	0.253086	-0.00180955	2.21606e-19	0	2.7941	-1.54717e-17	-2.82197	15702.8
224.755	-2.67698e-16	90.9884	-121.406	-0.798022	906.105	3.09731e-09	0.253476	-0.00217366	2.66196e-19	0	2.7941	-1.54717e-17	-2.81901	15864.2
225.63	-2.71162e-16	90.0955	-120.695	-0.79831	911.062	3.66047e-09	0.25427	-0.0025974	3.1809e-19	0	2.7941	-1.54717e-17	-2.8081	16006.9
226.506	-2.74373e-16	89.2037	-119.982	-0.798553	916.006	4.31566e-09	0.255447	-0.00308693	3.7804e-19	0	2.7941	-1.54717e-17	-2.78988	16132.6
227.384	-2.773e-16	88.3142	-119.269	-0.79876	920.931	5.07411e-09	0.256977	-0.00364826	4.46783e-19	0	2.7941	-1.54717e-17	-2.76518	16243
228.265	-2.7991e-16	87.4276	-118.559	-0.798935	925.832	5.94761e-09	0.258829	-0.00428712	5.25021e-19	0	2.7941	-1.54717e-17	-2.73492	16340.1
229.15	-2.82167e-16	86.5448	-117.853	-0.799084	930.704	6.94853e-09	0.260967	-0.0050088	6.13401e-19	0	2.7941	-1.54717e-17	-2.70006	16426.2
230.039	-2.84032e-16	85.6664	-117.155	-0.799212	935.544	8.08977e-09	0.263354	-0.00581799	7.12498e-19	0	2.7941	-1.54717e-17	-2.6616	16503.6
230.933	-2.85465e-16	84.7928	-116.465	-0.799322	940.349	9.3848e-09	0.26595	-0.00671867	8.22801e-19	0	2.7941	-1.54717e-17	-2.62054	16574.9
231.833	-2.86424e-16	83.9244	-115.785	-0.799418	945.119	1.08477e-08	0.268718	-0.00771395	9.44687e-19	0	2.7941	-1.54717e-17	-2.57779	16642.5
232.737	-2.86866e-16	83.0615	-115.116	-0.799502	949.851	1.24932e-08	0.271622	-0.00880598	1.07843e-18	0	2.7941	-1.54717e-17	-2.53422	16709
233.646	-2.86745e-16	82.204	-114.46	-0.799577	954.547	1.4337e-08	0.274626	-0.0099958	1.22414e-18	0	2.7941	-1.54717e-17	-2.49061	16776.9
234.561	-2.86018e-16	81.352	-113.818	-0.799643	959.206	1.63957e-08	0.277698	-0.0112835	1.38184e-18	0	2.7941	-1.54717e-17	-2.44765	16848.6
235.481	-2.8464e-16	80.5053	-113.189	-0.799704	963.83	1.86871e-08	0.280809	-0.0126679	1.55137e-18	0	2.7941	-1.54717e-17	-2.40589	16926.4
236.405	-2.82567e-16	79.6637	-112.575	-0.799759	968.42	2.12309e-08	0.283933	-0.0141464	1.73243e-18	0	2.7941	-1.54717e-17	-2.36583	17012.3
237.333	-2.79754e-16	78.8268	-111.975	-0.79981	972.978	2.4048e-08	0.287045	-0.0157154	1.92459e-18	0	2.7941	-1.54717e-17	-2.32786	17108.5
238.266	-2.76162e-16	77.9941	-111.389	-0.799858	977.507	2.71624e-08	0.290125	-0.0173702	2.12722e-18	0	2.7941	-1.54717e-17	-2.29228	17216.5
239.201	-2.7175e-16	77.1653	-110.817	-0.799901	982.007	3.06e-08	0.293154	-0.0191042	2.33959e-18	0	2.7941	-1.54717e-17	-2.25932	17337.8
240.14	-2.66481e-16	76.3397	-110.259	-0.799942	986.482	3.43903e-08	0.296117	-0.0209102	2.56076e-18	0	2.7941	-1.54717e-17	-2.22911	17473.5
241.081	-2.60323e-16	75.5167	-109.715	-0.799979	990.934	3.85664e-08	0.299	-0.0227791	2.78963e-18	0	2.7941	-1.54717e-17	-2.20175	17624.6
242.023	-2.53245e-16	74.6957	-109.183	-0.800014	995.365	4.31654e-08	0.301791	-0.0247007	3.02497e-18	0	2.7941	-1.54717e-17	-2.17726	17791.6
242.967	-2.45222e-16	73.8762	-108.664	-0.800045	999.778	4.82294e-08	0.30448	-0.0266635	3.26534e-18	0	2.7941	-1.54717e-17	-2.1556	17974.5
243.912	-2.36236e-16	73.0574	-108.156	-0.800074	1004.17	5.38062e-08	0.307058	-0.0286543	3.50914e-18	0	2.7941	-1.54717e-17	-2.1367	18173.5
244.856	-2.26273e-16	72.2388	-107.659	-0.800101	1008.56	5.99495e-08	0.309518	-0.0306587	3.75462e-18	0	2.7941	-1.54717e-17	-2.12044	18387.7
245.801	-2.15327e-16	71.4199	-107.172	-0.800126	1012.93	6.67207e-08	0.311851	-0.032661	3.99982e-18	0	2.7941	-1.54717e-17	-2.10667	18616.6
246.744	-2.034e-16	70.6001	-106.694	-0.800151	1017.28	7.41886e-08	0.314054	-0.034644	4.24267e-18	0	2.7941	-1.54717e-17	-2.09518	18858.7
247.687	-1.90502e-16	69.7791	-106.224	-0.800174	1021.63	8.24314e-08	0.316121	-0.0365895	4.48092e-18	0	2.7941	-1.54717e-17	-2.08578	19112.7
248.628	-1.76654e-16	68.9564	-105.762	-0.800198	1025.98	9.15371e-08	0.318047	-0.0384782	4.71221e-18	0	2.7941	-1.54717e-17	-2.0782	19376.5
249.568	-1.61884e-16	68.1318	-105.307	-0.800222	1030.31	1.01605e-07	0.319828	-0.0402899	4.93408e-18	0	2.7941	-1.54717e-17	-2.07222	19648.3
250.505	-1.46236e-16	67.3052	-104.857	-0.800247	1034.64	1.12747e-07	0.321463	-0.0420041	5.14401e-18	0	2.7941	-1.54717e-17	-2.06754	19925.6
251.441	-1.29759e-16	66.4765	-104.413	-0.800274	1038.97	1.25089e-07	0.322947	-0.0436002	5.33948e-18	0	2.7941	-1.54717e-17	-2.0639	20206
252.375	-1.12516e-16	65.6456	-103.974	-0.800303	1043.29	1.38771e-07	0.324279	-0.0450579	5.518e-18	0	2.7941	-1.54717e-17	-2.06102	20486.8
253.307	-9.45831e-17	64.8128	-103.54	-0.800335	1047.61	1.53951e-07	0.325458	-0.0463577	5.67718e-18	0	2.7941	-1.54717e-17	-2.05862	20765.3
254.238	-7.60428e-17	63.9783	-103.108	-0.80037	1051.93	1.70806e-07	0.326484	-0.0474816	5.81483e-18	0	2.7941	-1.54717e-17	-2.05644	21039.1
255.167	-5.69898e-17	63.1424	-102.68	-0.80041	1056.24	1.8953e-07	0.327358	-0.0484135	5.92895e-18	0	2.7941	-1.54717e-17	-2.05425	21305.4
256.096	-3.75267e-17	62.3055	-102.255	-0.800453	1060.56	2.10343e-07	0.328079	-0.0491396	6.01787e-18	0	2.7941	-1.54717e-17	-2.05181	21562.1
257.024	-1.77633e-17	61.4682	-101.833	-0.800502	1064.87	2.33488e-07	0.328651	-0.0496493	6.08029e-18	0	2.7941	-1.54717e-17	-2.04894	21807
257.952	2.1852e-18	60.6309	-101.413	-0.800557	1069.17	2.59233e-07	0.329077	-0.0499351	6.11528e-18	0	2.7941	-1.54717e-17	-2.04547	22038.3
258.881	2.22001e-17	59.7943	-100.995	-0.800617	1073.48	2.87876e-07	0.329359	-0.0499931	6.12238e-18	0	2.7941	-1.54717e-17	-2.04127	22254.6
259.811	4.21616e-17	58.959	-100.58	-0.800684	1077.78	3.19746e-07	0.329502	-0.0498234	6.1016e-18	0	2.7941	-1.54717e-17	-2.03628	22455
260.742	6.19504e-17	58.1257	-100.166	-0.800758	1082.08	3.55207e-07	0.329514	-0.0494297	6.05339e-18	0	2.7941	-1.54717e-17	-2.0304	22638.7
261.676	8.14505e-17	57.295	-99.7546	-0.800839	1086.37	3.94658e-07	0.329397	-0.0488196	5.97867e-18	0	2.7941	-1.54717e-17	-2.02367	22805.9
262.613	1.00551e-16	56.4675	-99.345	-0.800928	1090.66	4.38541e-07	0.32916	-0.0480036	5.87875e-18	0	2.7941	-1.54717e-17	-2.01609	22956.6
263.553	1.19148e-16	55.6438	-98.9375	-0.801025	1094.95	4.87343e-07	0.328808	-0.0469959	5.75534e-18	0	2.7941	-1.54717e-17	-2.00774	23091.6
264.498	1.37145e-16	54.8246	-98.532	-0.801129	1099.22	5.41599e-07	0.328351	-0.0458127	5.61044e-18	0	2.7941	-1.54717e-17	-1.99868	23212.2
265.446	1.54457e-16	54.0102	-98.1287	-0.801241	1103.5	6.019e-07	0.327795	-0.0444725	5.4463e-18	0	2.7941	-1.54717e-17	-1.98904	23319.6
266.399	1.7101e-16	53.201	-97.7275	-0.801361	1107.77	6.68898e-07	0.327148	-0.0429949	5.26535e-18	0	2.7941	-1.54717e-17	-1.97897	23415.8
267.356	1.86738e-16	52.3975	-97.3285	-0.801489	1112.03	7.43312e-07	0.326417	-0.0414007	5.07012e-18	0	2.7941	-1.54717e-17	-1.9686	23502.7
268.319	2.01591e-16	51.6	-96.9317	-0.801625	1116.28	8.2594e-07	0.325611	-0.0397107	4.86316e-18	0	2.7941	-1.54717e-17	-1.9581	23582.5
269.286	2.15527e-16	50.8084	-96.5372	-0.801768	1120.53	9.17663e-07	0.324737	-0.0379456	4.647e-18	0	2.7941	-1.54717e-17	-1.94761	23657.5
270.259	2.28517e-16	50.0231	-96.145	-0.801919	1124.77	1.01946e-06	0.323803	-0.0361256	4.42411e-18	0	2.7941	-1.54717e-17	-1.93732	23729.9
271.236	2.40542e-16	49.244	-95.7549	-0.802077	1129.01	1.13242e-06	0.322815	-0.0342695	4.1968e-18	0	2.7941	-1.54717e-17	-1.92737	23802.3
272.218	2.51592e-16	48.471	-95.3671	-0.802242	1133.24	1.25775e-06	0.32178	-0.0323951	3.96725e-18	0	2.7941	-1.54717e-17	-1.91791	23876.7
273.205	2.61669e-16	47.704	-94.9813	-0.802415	1137.47	1.3968e-06	0.320705	-0.0305187	3.73746e-18	0	2.7941	-1.54717e-17	-1.90908	23955.2
274.197	2.70778e-16	46.9429	-94.5975	-0.802594	1141.69	1.5511e-06	0.319597	-0.028655	3.50923e-18	0	2.7941	-1.54717e-17	-1.90099	24039.9
275.193	2.78936e-16	46.1873	-94.2155	-0.80278	1145.9	1.72232e-06	0.31846	-0.0268169	3.28413e-18	0	2.7941	-1.54717e-17	-1.89376	24132.6
276.193	2.86162e-16	45.437	-93.8351	-0.802973	1150.12	1.91238e-06	0.317301	-0.025016	3.06358e-18	0	2.7941	-1.54717e-17	-1.88746	24234.9
277.196	2.92482e-16	44.6916	-93.4561	-0.803172	1154.32	2.1234e-06	0.316124	-0.0232618	2.84875e-18	0	2.7941	-1.54717e-17	-1.88217	24348
278.203	2.97926e-16	43.9508	-93.0782	-0.803378	1158.53	2.3578e-06	0.314936	-0.0215625	2.64065e-18	0	2.7941	-1.54717e-17	-1.87795	24473.2
279.213	3.02528e-16	43.2141	-92.7011	-0.80359	1162.73	2.61826e-06	0.313739	-0.019925	2.4401e-18	0	2.7941	-1.54717e-17	-1.87481	24611.4
280.225	3.06324e-16	42.4812	-92.3246	-0.803808	1166.94	2.90783e-06	0.31254	-0.0183545	2.24777e-18	0	2.7941	-1.54717e-17	-1.8728	24763.3
281.24	3.0935e-16	41.7515	-91.9483	-0.804032	1171.14	3.22997e-06	0.311341	-0.0168551	2.06416e-18	0	2.7941	-1.54717e-17	-1.87189	24929.2
282.257	3.11647e-16	41.0248	-91.5718	-0.804262	1175.34	3.58854e-06	0.310147	-0.0154301	1.88964e-18	0	2.7941	-1.54717e-17	-1.87209	25109.5
283.276	3.13254e-16	40.3005	-91.1948	-0.804497	1179.54	3.98792e-06	0.308963	-0.0140813	1.72446e-18	0	2.7941	-1.54717e-17	-1.87332	25303.9
284.296	3.14212e-16	39.5782	-90.8169	-0.804735	1183.75	4.43306e-06	0.307792	-0.01281	1.56877e-18	0	2.7941	-1.54717e-17	-1.87559	25512.7
285.317	3.14561e-16	38.8575	-90.4376	-0.804976	1187.95	4.92955e-06	0.306638	-0.0116164	1.4226e-18	0	2.7941	-1.54717e-17	-1.8788	25735
286.34	3.1434e-16	38.1381	-90.0567	-0.805217	1192.16	5.4837e-06	0.305504	-0.0105002	1.2859e-18	0	2.7941	-1.54717e-17	-1.88288	25970.6
287.363	3.13589e-16	37.4196	-89.6737	-0.805454	1196.38	6.10263e-06	0.304396	-0.00946052	1.15858e-18	0	2.7941	-1.54717e-17	-1.88776	26218.6
288.386	3.12346e-16	36.7017	-89.2883	-0.805682	1200.59	6.7944e-06	0.303316	-0.00849583	1.04043e-18	0	2.7941	-1.54717e-17	-1.89332	26478.1
289.409	3.10648e-16	35.984	-88.9002	-0.805898	1204.81	7.56807e-06	0.302268	-0.00760419	9.31246e-19	0	2.7941	-1.54717e-17	-1.89948	26748.3
290.433	3.08532e-16	35.2664	-88.5089	-0.806096	1209.04	8.4339e-06	0.301257	-0.00678329	8.30714e-19	0	2.7941	-1.54717e-17	-1.90609	27027.8
291.456	3.06032e-16	34.5485	-88.1142	-0.806274	1213.27	9.40341e-06	0.300286	-0.00603048	7.38521e-19	0	2.7941	-1.54717e-17	-1.91306	27315.6
292.479	3.0318e-16	33.8302	-87.7158	-0.806428	1217.5	1.04896e-05	0.299359	-0.00534283	6.54308e-19	0	2.7941	-1.54717e-17	-1.92025	27610.3
293.502	3.00009e-16	33.1114	-87.3136	-0.806559	1221.74	1.1707e-05	0.29848	-0.00471722	5.77693e-19	0	2.7941	-1.54717e-17	-1.92753	27910.5
294.524	2.96548e-16	32.3919	-86.9073	-0.806668	1225.99	1.30721e-05	0.297654	-0.00415035	5.0827e-19	0	2.7941	-1.54717e-17	-1.93475	28214.8
295.546	2.92824e-16	31.6717	-86.4968	-0.806758	1230.24	1.46032e-05	0.296883	-0.00363877	4.45621e-19	0	2.7941	-1.54717e-17	-1.94179	28521.8
296.567	2.88864e-16	30.9508	-86.082	-0.806832	1234.49	1.6321e-05	0.296171	-0.003179	3.89315e-19	0	2.7941	-1.54717e-17	-1.94852	28830
297.587	2.84692e-16	30.229	-85.6628	-0.806892	1238.75	1.82482e-05	0.295522	-0.00276751	3.38923e-19	0	2.7941	-1.54717e-17	-1.95478	29137.8
298.607	2.8033e-16	29.5066	-85.2392	-0.806942	1243.02	2.04106e-05	0.29494	-0.00240076	2.94008e-19	0	2.7941	-1.54717e-17	-1.96045	29443.9
299.627	2.75799e-16	28.7835	-84.8112	-0.806987	1247.29	2.28366e-05	0.294429	-0.00207527	2.54147e-19	0	2.7941	-1.54717e-17	-1.96539	29746.5
300.646	2.71118e-16	28.06	-84.379	-0.807029	1251.56	2.55577e-05	0.29399	-0.0017876	2.18917e-19	0	2.7941	-1.54717e-17	-1.96949	30044.4
301.665	2.66304e-16	27.3361	-83.9426	-0.807069	1255.83	2.86088e-05	0.293629	-0.00153444	1.87915e-19	0	2.7941	-1.54717e-17	-1.97261	30336
302.684	2.61373e-16	26.612	-83.5023	-0.807108	1260.11	3.20284e-05	0.293346	-0.00131259	1.60746e-19	0	2.7941	-1.54717e-17	-1.97466	30620.1
303.703	2.56337e-16	25.888	-83.0582	-0.807146	1264.39	3.58585e-05	0.293145	-0.00111899	1.37037e-19	0	2.7941	-1.54717e-17	-1.97553	30895.3
304.723	2.5121e-16	25.1643	-82.6107	-0.807186	1268.66	4.01454e-05	0.293028	-0.000950748	1.16433e-19	0	2.7941	-1.54717e-17	-1.97512	31160.2
305.742	2.46002e-16	24.4412	-82.1599	-0.807226	1272.94	4.49392e-05	0.292996	-0.000805154	9.86029e-20	0	2.7941	-1.54717e-17	-1.97336	31413.7
306.762	2.40723e-16	23.719	-81.7064	-0.807268	1277.22	5.02945e-05	0.293051	-0.000679671	8.32358e-20	0	2.7941	-1.54717e-17	-1.97017	31654.8
307.783	2.35381e-16	22.9979	-81.2505	-0.80731	1281.49	5.62697e-05	0.293193	-0.000571959	7.00448e-20	0	2.7941	-1.54717e-17	-1.96551	31882.5
308.806	2.29983e-16	22.2784	-80.7926	-0.807353	1285.76	6.29282e-05	0.293424	-0.000479867	5.87668e-20	0	2.7941	-1.54717e-17	-1.9593	32095.7
309.829	2.24535e-16	21.5608	-80.333	-0.807396	1290.02	7.03369e-05	0.293744	-0.000401434	4.91615e-20	0	2.7941	-1.54717e-17	-1.95153	32293.5
310.854	2.19042e-16	20.8454	-79.8725	-0.807438	1294.28	7.85667e-05	0.294151	-0.000334886	4.10118e-20	0	2.7941	-1.54717e-17	-1.94216	32475.3
311.881	2.13508e-16	20.1327	-79.4113	-0.80748	1298.53	8.76927e-05	0.294646	-0.00027863	3.41224e-20	0	2.7941	-1.54717e-17	-1.9312	32640.3
312.91	2.07936e-16	19.423	-78.9501	-0.80752	1302.77	9.77926e-05	0.295226	-0.000231243	2.8319e-20	0	2.7941	-1.54717e-17	-1.91864	32788
313.941	2.02329e-16	18.7167	-78.4893	-0.807559	1307	0.000108947	0.295891	-0.000191461	2.34472e-20	0	2.7941	-1.54717e-17	-1.90449	32917.7
314.975	1.9669e-16	18.0143	-78.0296	-0.807596	1311.22	0.000121238	0.296638	-0.000158175	1.93708e-20	0	2.7941	-1.54717e-17	-1.88876	33028.9
316.012	1.9102e-16	17.3162	-77.5714	-0.807632	1315.43	0.00013475	0.297465	-0.00013041	1.59706e-20	0	2.7941	-1.54717e-17	-1.87151	33121.6
317.052	1.85319e-16	16.6227	-77.1154	-0.807666	1319.63	0.000149566	0.298369	-0.000107318	1.31428e-20	0	2.7941	-1.54717e-17	-1.85275	33195.2
318.096	1.79589e-16	15.9343	-76.6621	-0.807698	1323.81	0.000165767	0.299346	-8.81684e-05	1.07975e-20	0	2.7941	-1.54717e-17	-1.83254	33249.4
319.143	1.73831e-16	15.2514	-76.212	-0.807728	1327.98	0.000183434	0.300394	-7.23279e-05	8.8576e-21	0	2.7941	-1.54717e-17	-1.81093	33284.2
320.193	1.68044e-16	14.5744	-75.7658	-0.807756	1332.13	0.000202642	0.301509	-5.92568e-05	7.25687e-21	0	2.7941	-1.54717e-17	-1.78797	33299.3
321.248	1.62229e-16	13.9038	-75.3238	-0.807783	1336.27	0.000223461	0.302685	-4.84953e-05	5.93896e-21	0	2.7941	-1.54717e-17	-1.76376	33294.9
322.307	1.56385e-16	13.2399	-74.8867	-0.807807	1340.4	0.000245952	0.30392	-3.96532e-05	4.85611e-21	0	2.7941	-1.54717e-17	-1.73831	33270.8
323.371	1.50513e-16	12.5832	-74.455	-0.807831	1344.5	0.000270169	0.305209	-3.24017e-05	3.96806e-21	0	2.7941	-1.54717e-17	-1.71174	33227.2
324.439	1.44613e-16	11.934	-74.029	-0.807852	1348.59	0.000296154	0.306547	-2.64643e-05	3.24095e-21	0	2.7941	-1.54717e-17	-1.68409	33164
325.512	1.38683e-16	11.2927	-73.6094	-0.807871	1352.66	0.000323936	0.30793	-2.161e-05	2.64646e-21	0	2.7941	-1.54717e-17	-1.65545	33081.6
326.59	1.32724e-16	10.6597	-73.1964	-0.807888	1356.71	0.000353529	0.309353	-1.76459e-05	2.16099e-21	0	2.7941	-1.54717e-17	-1.62586	32979.7
327.673	1.26735e-16	10.0354	-72.7905	-0.807903	1360.74	0.000384933	0.310811	-1.4412e-05	1.76497e-21	0	2.7941	-1.54717e-17	-1.59543	32859
328.761	1.20716e-16	9.42011	-72.3921	-0.807915	1364.75	0.00041813	0.3123	-1.1776e-05	1.44214e-21	0	2.7941	-1.54717e-17	-1.56422	32719.5
329.854	1.14667e-16	8.81424	-72.0014	-0.807925	1368.74	0.000453083	0.313815	-9.62856e-06	1.17916e-21	0	2.7941	-1.54717e-17	-1.53228	32561.4
330.953	1.08587e-16	8.2181	-71.6188	-0.807932	1372.72	0.000489737	0.315352	-7.87978e-06	9.64994e-22	0	2.7941	-1.54717e-17	-1.4997	32385.1
332.057	1.02477e-16	7.63203	-71.2446	-0.807937	1376.67	0.000528018	0.316904	-6.45587e-06	7.90616e-22	0	2.7941	-1.54717e-17	-1.46654	32190.9
333.167	9.63362e-17	7.05638	-70.8788	-0.80794	1380.6	0.00056783	0.31847	-5.29645e-06	6.48627e-22	0	2.7941	-1.54717e-17	-1.43283	31978.8
334.281	9.0165e-17	6.49145	-70.5218	-0.807942	1384.52	0.000609059	0.320042	-4.35214e-06	5.32984e-22	0	2.7941	-1.54717e-17	-1.39867	31749.7
335.402	8.39637e-17	5.93759	-70.1736	-0.807944	1388.41	0.000651572	0.321619	-3.58274e-06	4.38758e-22	0	2.7941	-1.54717e-17	-1.36409	31503.5
336.527	7.77332e-17	5.39517	-69.8344	-0.807944	1392.29	0.000695216	0.323195	-2.95546e-06	3.6194e-22	0	2.7941	-1.54717e-17	-1.32915	31240.5
337.657	7.14754e-17	4.86458	-69.5044	-0.807945	1396.14	0.000739814	0.324766	-2.44373e-06	2.99271e-22	0	2.7941	-1.54717e-17	-1.29393	30961.7
338.792	6.51939e-17	4.34635	-69.1837	-0.807945	1399.98	0.000785167	0.326326	-2.02598e-06	2.48111e-22	0	2.7941	-1.54717e-17	-1.25848	30667.3
339.93	5.88954e-17	3.8412	-68.8725	-0.807945	1403.78	0.000831039	0.327873	-1.68476e-06	2.06323e-22	0	2.7941	-1.54717e-17	-1.22286	30357.8
341.068	5.25923e-17	3.35022	-68.5714	-0.807946	1407.55	0.000877147	0.329398	-1.40603e-06	1.72188e-22	0	2.7941	-1.54717e-17	-1.1872	30034.7
342.203	4.63072e-17	2.87512	-68.2811	-0.807946	1411.28	0.000923134	0.330893	-1.17852e-06	1.44327e-22	0	2.7941	-1.54717e-17	-1.15165	29699.7
343.328	4.00796e-17	2.41861	-68.003	-0.807946	1414.94	0.000968522	0.332348	-9.93288e-07	1.21642e-22	0	2.7941	-1.54717e-17	-1.11646	29355.3
344.43	3.39758e-17	1.98492	-67.7392	-0.807946	1418.5	0.00101266	0.333746	-8.43224e-07	1.03265e-22	0	2.7941	-1.54717e-17	-1.08203	29006.2
345.492	2.81003e-17	1.58026	-67.4934	-0.807946	1421.89	0.00105468	0.335064	-7.22518e-07	8.84829e-23	0	2.7941	-1.54717e-17	-1.04896	28660.1
346.485	2.26019e-17	1.21295	-67.2703	-0.807946	1425.05	0.00109345	0.33627	-6.25318e-07	7.65793e-23	0	2.7941	-1.54717e-17	-1.0181	28327.5
347.376	1.76644e-17	0.892451	-67.0754	-0.807946	1427.86	0.00112773	0.337331	-5.42643e-07	6.64547e-23	0	2.7941	-1.54717e-17	-0.99044	28021.4
348.134	1.34677e-17	0.62696	-66.9137	-0.807946	1430.24	0.0011564	0.338215	-4.59319e-07	5.62503e-23	0	2.7941	-1.54717e-17	-0.966996	27756.3
348.738	1.01261e-17	0.420112	-66.7875	-0.807946	1432.12	0.00117892	0.338907	-3.61574e-07	4.428e-23	0	2.7941	-1.54717e-17	-0.948377	27542.1
349.186	7.64151e-18	0.268921	-66.695	-0.807946	1433.52	0.00119544	0.339415	-2.55697e-07	3.13138e-23	0	2.7941	-1.54717e-17	-0.934547	27380.8
349.5	5.90713e-18	0.164696	-66.6312	-0.807946	1434.49	0.00120688	0.339766	-1.63139e-07	1.99788e-23	0	2.7941	-1.54717e-17	-0.924915	27267.5
349.707	4.75738e-18	0.0961992	-66.5891	-0.807946	1435.14	0.00121441	0.339997	-9.61868e-08	1.17795e-23	0	2.7941	-1.54717e-17	-0.91853	27191.8
349.84	4.02384e-18	0.0527459	-66.5624	-0.807946	1435.55	0.00121919	0.340144	-5.28705e-08	6.47476e-24	0	2.7941	-1.54717e-17	-0.914456	27143.3
349.922	3.568e-18	0.0258406	-66.5459	-0.807946	1435.8	0.00122215	0.340234	-2.59227e-08	3.17461e-24	0	2.7941	-1.54717e-17	-0.911926	27113.1
349.972	3.28956e-18	0.00944276	-66.5358	-0.807946	1435.96	0.00122396	0.34029	-9.47486e-09	1.16033e-24	0	2.7941	-1.54717e-17	-0.910382	27094.7
